t	X1	Y1	X2	Y2
s	m	m	m	m
 0.00000000	-0.00055556	-0.00018519	-0.00722222	-0.01277778
 0.00507601	-0.00055556	-0.00018519	-0.00685185	-0.01314815
 0.01015203	-0.00055556	-0.00018519	-0.00759259	-0.01314815
 0.01522804	-0.00055556	-0.00018519	-0.00759259	-0.01277778
 0.02030405	-0.00055556	-0.00018519	-0.00796296	-0.01314815
 0.02538007	-0.00055556	-0.00018519	-0.00722222	-0.01314815
 0.03045608	-0.00055556	-0.00018519	-0.00685185	-0.01314815
 0.03553209	-0.00055556	-0.00018519	-0.00685185	-0.01314815
 0.04060811	-0.00055556	-0.00018519	-0.00722222	-0.01277778
 0.04568412	-0.00055556	-0.00018519	-0.00685185	-0.01277778
 0.05076014	-0.00055556	-0.00018519	-0.00759259	-0.01314815
 0.05583614	-0.00055556	-0.00018519	-0.00685185	-0.01277778
 0.06091216	-0.00055556	-0.00018519	-0.00759259	-0.01277778
 0.06598818	-0.00055556	-0.00018519	-0.00648148	-0.01314815
 0.07106419	-0.00055556	-0.00018519	-0.00685185	-0.01277778
 0.07614020	-0.00055556	-0.00018519	-0.00685185	-0.01277778
 0.08121622	-0.00055556	-0.00018519	-0.00759259	-0.01314815
 0.08629223	-0.00055556	-0.00018519	-0.00648148	-0.01314815
 0.09136824	-0.00055556	-0.00018519	-0.00685185	-0.01314815
 0.09644426	-0.00055556	-0.00018519	-0.00685185	-0.01314815
 0.10152027	-0.00055556	-0.00018519	-0.00685185	-0.01277778
 0.10659628	-0.00055556	-0.00018519	-0.00685185	-0.01314815
 0.11167229	-0.00055556	-0.00018519	-0.00685185	-0.01314815
 0.11674830	-0.00055556	-0.00018519	-0.00685185	-0.01314815
 0.12182432	-0.00055556	-0.00018519	-0.00685185	-0.01277778
 0.12690033	-0.00055556	-0.00018519	-0.00759259	-0.01277778
 0.13197635	-0.00055556	-0.00018519	-0.00648148	-0.01314815
 0.13705236	-0.00055556	-0.00018519	-0.00685185	-0.01277778
 0.14212838	-0.00055556	-0.00018519	-0.00722222	-0.01314815
 0.14720438	-0.00055556	-0.00018519	-0.00759259	-0.01277778
 0.15228041	-0.00055556	-0.00018519	-0.00759259	-0.01314815
 0.15735641	-0.00055556	-0.00018519	-0.00648148	-0.01314815
 0.16243243	-0.00055556	-0.00018519	-0.00685185	-0.01314815
 0.16750844	-0.00055556	-0.00018519	-0.00685185	-0.01314815
 0.17258446	-0.00055556	-0.00018519	-0.00722222	-0.01277778
 0.17766047	-0.00055556	-0.00018519	-0.00685185	-0.01277778
 0.18273649	-0.00055556	-0.00018519	-0.00759259	-0.01314815
 0.18781249	-0.00055556	-0.00018519	-0.00722222	-0.01314815
 0.19288851	-0.00055556	-0.00018519	-0.00685185	-0.01277778
 0.19796452	-0.00055556	-0.00018519	-0.00685185	-0.01314815
 0.20304054	-0.00055556	-0.00018519	-0.00759259	-0.01314815
 0.20811655	-0.00055556	-0.00018519	-0.00759259	-0.01314815
 0.21319257	-0.00055556	-0.00018519	-0.00722222	-0.01314815
 0.21826857	-0.00055556	-0.00018519	-0.00759259	-0.01314815
 0.22334458	-0.00055556	-0.00018519	-0.00722222	-0.01314815
 0.22842060	-0.00055556	-0.00018519	-0.00796296	-0.01314815
 0.23349661	-0.00055556	-0.00018519	-0.00722222	-0.01277778
 0.23857263	-0.00055556	-0.00018519	-0.00796296	-0.01314815
 0.24364863	-0.00055556	-0.00018519	-0.00648148	-0.01314815
 0.24872465	-0.00055556	-0.00018519	-0.00685185	-0.01277778
 0.25380066	-0.00055556	-0.00018519	-0.00759259	-0.01314815
 0.25887668	-0.00055556	-0.00018519	-0.00722222	-0.01314815
 0.26395270	-0.00055556	-0.00018519	-0.00685185	-0.01314815
 0.26902869	-0.00055556	-0.00018519	-0.00685185	-0.01314815
 0.27410471	-0.00055556	-0.00018519	-0.00722222	-0.01314815
 0.27918074	-0.00055556	-0.00018519	-0.00722222	-0.01314815
 0.28425676	-0.00055556	-0.00018519	-0.00685185	-0.01314815
 0.28933275	-0.00055556	-0.00018519	-0.00685185	-0.01314815
 0.29440877	-0.00055556	-0.00018519	-0.00722222	-0.01277778
 0.29948479	-0.00055556	-0.00018519	-0.00759259	-0.01314815
 0.30456081	-0.00055556	-0.00018519	-0.00759259	-0.01314815
 0.30963680	-0.00055556	-0.00018519	-0.00685185	-0.01314815
 0.31471282	-0.00055556	-0.00018519	-0.00722222	-0.01314815
 0.31978884	-0.00055556	-0.00018519	-0.00722222	-0.01314815
 0.32486486	-0.00055556	-0.00018519	-0.00796296	-0.01314815
 0.32994086	-0.00055556	-0.00018519	-0.00796296	-0.01314815
 0.33501688	-0.00055556	-0.00018519	-0.00759259	-0.01314815
 0.34009290	-0.00055556	-0.00018519	-0.00796296	-0.01314815
 0.34516892	-0.00055556	-0.00018519	-0.00685185	-0.01314815
 0.35024491	-0.00055556	-0.00018519	-0.00796296	-0.01314815
 0.35532093	-0.00055556	-0.00018519	-0.00759259	-0.01277778
 0.36039695	-0.00055556	-0.00018519	-0.00685185	-0.01277778
 0.36547297	-0.00055556	-0.00018519	-0.00685185	-0.01314815
 0.37054896	-0.00055556	-0.00018519	-0.00685185	-0.01277778
 0.37562498	-0.00055556	-0.00018519	-0.00722222	-0.01314815
 0.38070101	-0.00055556	-0.00018519	-0.00722222	-0.01314815
 0.38577703	-0.00055556	-0.00018519	-0.00759259	-0.01314815
 0.39085302	-0.00055556	-0.00018519	-0.00722222	-0.01277778
 0.39592904	-0.00055556	-0.00018519	-0.00722222	-0.01277778
 0.40100506	-0.00055556	-0.00018519	-0.00685185	-0.01314815
 0.40608108	-0.00055556	-0.00018519	-0.00722222	-0.01314815
 0.41115707	-0.00055556	-0.00018519	-0.00722222	-0.01314815
 0.41623309	-0.00055556	-0.00018519	-0.00685185	-0.01314815
 0.42130911	-0.00055556	-0.00018519	-0.00796296	-0.01314815
 0.42638513	-0.00055556	-0.00018519	-0.00722222	-0.01314815
 0.43146113	-0.00055556	-0.00018519	-0.00796296	-0.01277778
 0.43653715	-0.00055556	-0.00018519	-0.00796296	-0.01314815
 0.44161317	-0.00055556	-0.00018519	-0.00722222	-0.01314815
 0.44668916	-0.00055556	-0.00018519	-0.00759259	-0.01314815
 0.45176518	-0.00055556	-0.00018519	-0.00759259	-0.01277778
 0.45684120	-0.00055556	-0.00018519	-0.00796296	-0.01277778
 0.46191722	-0.00055556	-0.00018519	-0.00796296	-0.01314815
 0.46699321	-0.00055556	-0.00018519	-0.00796296	-0.01277778
 0.47206923	-0.00055556	-0.00018519	-0.00722222	-0.01314815
 0.47714525	-0.00055556	-0.00018519	-0.00722222	-0.01314815
 0.48222128	-0.00055556	-0.00018519	-0.00796296	-0.01314815
 0.48729727	-0.00055556	-0.00018519	-0.00796296	-0.01314815
 0.49237329	-0.00055556	-0.00018519	-0.00796296	-0.01314815
 0.49744931	-0.00055556	-0.00018519	-0.00722222	-0.01314815
 0.50252533	-0.00055556	-0.00018519	-0.00759259	-0.01314815
 0.50760132	-0.00055556	-0.00018519	-0.00759259	-0.01314815
 0.51267737	-0.00055556	-0.00018519	-0.00759259	-0.01314815
 0.51775336	-0.00055556	-0.00018519	-0.00685185	-0.01314815
 0.52282935	-0.00055556	-0.00018519	-0.00685185	-0.01277778
 0.52790540	-0.00055556	-0.00018519	-0.00759259	-0.01314815
 0.53298140	-0.00055556	-0.00018519	-0.00722222	-0.01277778
 0.53805739	-0.00055556	-0.00018519	-0.00796296	-0.01314815
 0.54313344	-0.00055556	-0.00018519	-0.00722222	-0.01314815
 0.54820943	-0.00055556	-0.00018519	-0.00759259	-0.01314815
 0.55328548	-0.00055556	-0.00018519	-0.00685185	-0.01314815
 0.55836147	-0.00055556	-0.00018519	-0.00796296	-0.01277778
 0.56343746	-0.00055556	-0.00018519	-0.00796296	-0.01314815
 0.56851351	-0.00055556	-0.00018519	-0.00759259	-0.01314815
 0.57358950	-0.00055556	-0.00018519	-0.00722222	-0.01314815
 0.57866549	-0.00055556	-0.00018519	-0.00722222	-0.01314815
 0.58374155	-0.00055556	-0.00018519	-0.00722222	-0.01277778
 0.58881754	-0.00055556	-0.00018519	-0.00796296	-0.01314815
 0.59389359	-0.00055556	-0.00018519	-0.00759259	-0.01314815
 0.59896958	-0.00055556	-0.00018519	-0.00796296	-0.01314815
 0.60404557	-0.00055556	-0.00018519	-0.00796296	-0.01314815
 0.60912162	-0.00055556	-0.00018519	-0.00796296	-0.01314815
 0.61419761	-0.00055556	-0.00018519	-0.00796296	-0.01277778
 0.61927360	-0.00055556	-0.00018519	-0.00796296	-0.01314815
 0.62434965	-0.00055556	-0.00018519	-0.00759259	-0.01314815
 0.62942564	-0.00055556	 0.00018519	-0.00722222	-0.01277778
 0.63450170	-0.00055556	 0.00018519	-0.00759259	-0.01314815
 0.63957769	-0.00055556	 0.00018519	-0.00796296	-0.01314815
 0.64465368	-0.00055556	 0.00018519	-0.00685185	-0.01314815
 0.64972973	-0.00055556	 0.00018519	-0.00759259	-0.01314815
 0.65480572	-0.00043210	 0.00018519	-0.00759259	-0.01314815
 0.65988171	-0.00030864	 0.00018519	-0.00796296	-0.01277778
 0.66495776	-0.00018519	 0.00018519	-0.00796296	-0.01314815
 0.67003375	-0.00037037	 0.00018519	-0.00759259	-0.01314815
 0.67510974	-0.00055556	 0.00018519	-0.00685185	-0.01314815
 0.68018579	-0.00055556	 0.00018519	-0.00759259	-0.01314815
 0.68526179	-0.00018519	 0.00018519	-0.00759259	-0.01314815
 0.69033784	-0.00018519	 0.00018519	-0.00796296	-0.01314815
 0.69541383	-0.00018519	 0.00018519	-0.00796296	-0.01314815
 0.70048982	-0.00018519	 0.00018519	-0.00685185	-0.01277778
 0.70556587	-0.00018519	 0.00018519	-0.00722222	-0.01351852
 0.71064186	-0.00018519	 0.00018519	-0.00796296	-0.01314815
 0.71571785	-0.00018519	 0.00018519	-0.00759259	-0.01314815
 0.72079390	-0.00014403	 0.00022634	-0.00722222	-0.01314815
 0.72586989	-0.00010288	 0.00026749	-0.00722222	-0.01314815
 0.73094594	-0.00006173	 0.00030864	-0.00759259	-0.01277778
 0.73602194	-0.00002058	 0.00034979	-0.00796296	-0.01314815
 0.74109793	 0.00002058	 0.00039095	-0.00722222	-0.01314815
 0.74617398	 0.00006173	 0.00043210	-0.00722222	-0.01314815
 0.75124997	 0.00010288	 0.00047325	-0.00796296	-0.01277778
 0.75632596	 0.00014403	 0.00051440	-0.00759259	-0.01314815
 0.76140201	 0.00018519	 0.00055556	-0.00796296	-0.01314815
 0.76647800	 0.00018519	 0.00092593	-0.00759259	-0.01277778
 0.77155405	 0.00018519	 0.00092593	-0.00722222	-0.01314815
 0.77663004	 0.00018519	 0.00092593	-0.00722222	-0.01314815
 0.78170604	 0.00018519	 0.00092593	-0.00722222	-0.01277778
 0.78678209	 0.00018519	 0.00092593	-0.00796296	-0.01277778
 0.79185808	 0.00018519	 0.00129630	-0.00796296	-0.01314815
 0.79693407	 0.00018519	 0.00129630	-0.00685185	-0.01277778
 0.80201012	 0.00018519	 0.00129630	-0.00759259	-0.01314815
 0.80708611	 0.00027778	 0.00138889	-0.00759259	-0.01314815
 0.81216216	 0.00037037	 0.00148148	-0.00796296	-0.01314815
 0.81723815	 0.00046296	 0.00157407	-0.00796296	-0.01351852
 0.82231414	 0.00055556	 0.00166667	-0.00685185	-0.01314815
 0.82739019	 0.00062963	 0.00181482	-0.00796296	-0.01314815
 0.83246619	 0.00070370	 0.00196296	-0.00722222	-0.01277778
 0.83754218	 0.00077778	 0.00211111	-0.00759259	-0.01314815
 0.84261823	 0.00085185	 0.00225926	-0.00685185	-0.01314815
 0.84769422	 0.00092593	 0.00240741	-0.00685185	-0.01314815
 0.85277027	 0.00092593	 0.00277778	-0.00648148	-0.01314815
 0.85784626	 0.00129630	 0.00277778	-0.00722222	-0.01314815
 0.86292225	 0.00129630	 0.00277778	-0.00722222	-0.01314815
 0.86799830	 0.00129630	 0.00314815	-0.00685185	-0.01314815
 0.87307429	 0.00166667	 0.00351852	-0.00648148	-0.01314815
 0.87815028	 0.00166667	 0.00351852	-0.00685185	-0.01314815
 0.88322634	 0.00166667	 0.00388889	-0.00722222	-0.01314815
 0.88830233	 0.00203704	 0.00388889	-0.00685185	-0.01314815
 0.89337832	 0.00203704	 0.00425926	-0.00759259	-0.01314815
 0.89845437	 0.00203704	 0.00462963	-0.00722222	-0.01277778
 0.90353036	 0.00240741	 0.00500000	-0.00648148	-0.01314815
 0.90860641	 0.00240741	 0.00500000	-0.00685185	-0.01314815
 0.91368240	 0.00265432	 0.00537037	-0.00648148	-0.01314815
 0.91875839	 0.00290123	 0.00574074	-0.00648148	-0.01314815
 0.92383444	 0.00314815	 0.00611111	-0.00648148	-0.01314815
 0.92891043	 0.00314815	 0.00648148	-0.00685185	-0.01314815
 0.93398643	 0.00314815	 0.00685185	-0.00685185	-0.01314815
 0.93906248	 0.00351852	 0.00740741	-0.00722222	-0.01277778
 0.94413847	 0.00388889	 0.00796296	-0.00722222	-0.01277778
 0.94921452	 0.00407407	 0.00833334	-0.00722222	-0.01314815
 0.95429051	 0.00425926	 0.00870370	-0.00685185	-0.01314815
 0.95936650	 0.00462963	 0.00944444	-0.00722222	-0.01314815
 0.96444255	 0.00481482	 0.01000000	-0.00722222	-0.01314815
 0.96951854	 0.00500000	 0.01055556	-0.00685185	-0.01277778
 0.97459453	 0.00537037	 0.01092593	-0.00722222	-0.01314815
 0.97967058	 0.00574074	 0.01166667	-0.00685185	-0.01277778
 0.98474658	 0.00611111	 0.01240741	-0.00685185	-0.01277778
 0.98982263	 0.00635803	 0.01314815	-0.00722222	-0.01277778
 0.99489862	 0.00660494	 0.01388889	-0.00796296	-0.01314815
 0.99997461	 0.00685185	 0.01462963	-0.00722222	-0.01277778
 1.00505066	 0.00759259	 0.01537037	-0.00722222	-0.01277778
 1.01012671	 0.00796297	 0.01629631	-0.00722222	-0.01314815
 1.01520264	 0.00833333	 0.01722222	-0.00722222	-0.01277778
 1.02027869	 0.00870370	 0.01796296	-0.00722222	-0.01277778
 1.02535474	 0.00907407	 0.01907407	-0.00685185	-0.01314815
 1.03043067	 0.00944444	 0.02018519	-0.00722222	-0.01314815
 1.03550673	 0.00981481	 0.02092593	-0.00796296	-0.01314815
 1.04058278	 0.01037038	 0.02240743	-0.00722222	-0.01314815
 1.04565871	 0.01092593	 0.02388889	-0.00722222	-0.01314815
 1.05073476	 0.01148148	 0.02509260	-0.00796296	-0.01277778
 1.05581081	 0.01203704	 0.02629631	-0.00722222	-0.01314815
 1.06088674	 0.01259259	 0.02749999	-0.00722222	-0.01314815
 1.06596279	 0.01314815	 0.02870370	-0.00796296	-0.01314815
 1.07103884	 0.01373016	 0.02986773	-0.00759259	-0.01314815
 1.07611477	 0.01431216	 0.03103174	-0.00722222	-0.01277778
 1.08119082	 0.01489418	 0.03219576	-0.00722222	-0.01314815
 1.08626688	 0.01547619	 0.03335979	-0.00722222	-0.01314815
 1.09134281	 0.01605819	 0.03452380	-0.00685185	-0.01314815
 1.09641886	 0.01664021	 0.03568782	-0.00759259	-0.01314815
 1.10149491	 0.01722222	 0.03685185	-0.00722222	-0.01351852
 1.10657096	 0.01654558	 0.03675214	-0.00722222	-0.01314815
 1.11164689	 0.01586895	 0.03665242	-0.00722222	-0.01314815
 1.11672294	 0.01519231	 0.03655271	-0.00722222	-0.01351852
 1.12179899	 0.01451567	 0.03645299	-0.00722222	-0.01351852
 1.12687492	 0.01383904	 0.03635328	-0.00722222	-0.01351852
 1.13195097	 0.01316240	 0.03625356	-0.00722222	-0.01314815
 1.13702703	 0.01248575	 0.03615385	-0.00759259	-0.01351852
 1.14210296	 0.01180913	 0.03605413	-0.00685185	-0.01351852
 1.14717901	 0.01113248	 0.03595442	-0.00722222	-0.01351852
 1.15225506	 0.01045584	 0.03585470	-0.00722222	-0.01314815
 1.15733099	 0.00977921	 0.03575499	-0.00685185	-0.01351852
 1.16240704	 0.00910257	 0.03565527	-0.00722222	-0.01314815
 1.16748309	 0.00842593	 0.03555556	-0.00759259	-0.01314815
 1.17255902	 0.00774930	 0.03545584	-0.00759259	-0.01351852
 1.17763507	 0.00707266	 0.03535613	-0.00685185	-0.01351852
 1.18271112	 0.00639601	 0.03525641	-0.00796296	-0.01351852
 1.18778718	 0.00571937	 0.03515670	-0.00685185	-0.01314815
 1.19286311	 0.00504274	 0.03505698	-0.00796296	-0.01314815
 1.19793916	 0.00436610	 0.03495727	-0.00722222	-0.01351852
 1.20301521	 0.00368946	 0.03485755	-0.00722222	-0.01351852
 1.20809114	 0.00301283	 0.03475784	-0.00759259	-0.01351852
 1.21316719	 0.00233619	 0.03465812	-0.00685185	-0.01314815
 1.21824324	 0.00165954	 0.03455840	-0.00759259	-0.01314815
 1.22331917	 0.00098292	 0.03445869	-0.00759259	-0.01314815
 1.22839522	 0.00030627	 0.03435898	-0.00685185	-0.01314815
 1.23347127	-0.00037037	 0.03425926	-0.00796296	-0.01314815
 1.23854721	-0.00104700	 0.03415955	-0.00759259	-0.01351852
 1.24362326	-0.00172364	 0.03405983	-0.00722222	-0.01314815
 1.24869931	-0.00240028	 0.03396011	-0.00759259	-0.01351852
 1.25377524	-0.00307691	 0.03386040	-0.00759259	-0.01314815
 1.25885129	-0.00375355	 0.03376069	-0.00759259	-0.01314815
 1.26392734	-0.00443020	 0.03366097	-0.00796296	-0.01277778
 1.26900339	-0.00510684	 0.03356125	-0.00722222	-0.01314815
 1.27407932	-0.00578347	 0.03346154	-0.00796296	-0.01314815
 1.27915537	-0.00646011	 0.03336182	-0.00796296	-0.01314815
 1.28423142	-0.00713675	 0.03326211	-0.00722222	-0.01314815
 1.28930736	-0.00781338	 0.03316239	-0.00722222	-0.01277778
 1.29438341	-0.00849002	 0.03306268	-0.00796296	-0.01314815
 1.29945946	-0.00916667	 0.03296296	-0.00796296	-0.01314815
 1.30453539	-0.00984329	 0.03286325	-0.00796296	-0.01314815
 1.30961144	-0.01051994	 0.03276353	-0.00833333	-0.01277778
 1.31468749	-0.01119658	 0.03266382	-0.00833333	-0.01314815
 1.31976342	-0.01187321	 0.03256410	-0.00722222	-0.01314815
 1.32483947	-0.01254985	 0.03246439	-0.00722222	-0.01314815
 1.32991552	-0.01322649	 0.03236467	-0.00796296	-0.01314815
 1.33499146	-0.01390312	 0.03226496	-0.00722222	-0.01314815
 1.34006751	-0.01457976	 0.03216524	-0.00796296	-0.01314815
 1.34514356	-0.01525641	 0.03206553	-0.00833333	-0.01314815
 1.35021949	-0.01593303	 0.03196581	-0.00722222	-0.01277778
 1.35529554	-0.01660968	 0.03186610	-0.00796296	-0.01314815
 1.36037159	-0.01728632	 0.03176638	-0.00796296	-0.01314815
 1.36544764	-0.01796296	 0.03166667	-0.00759259	-0.01314815
 1.37052357	-0.01611111	 0.02796296	-0.00722222	-0.01351852
 1.37559962	-0.01462963	 0.02425926	-0.00796296	-0.01351852
 1.38067567	-0.01440741	 0.02379629	-0.00722222	-0.01351852
 1.38575161	-0.01418519	 0.02333334	-0.00722222	-0.01351852
 1.39082766	-0.01396296	 0.02287037	-0.00796296	-0.01314815
 1.39590371	-0.01374074	 0.02240741	-0.00796296	-0.01314815
 1.40097964	-0.01351852	 0.02194445	-0.00759259	-0.01351852
 1.40605569	-0.01329630	 0.02148148	-0.00796296	-0.01351852
 1.41113174	-0.01307407	 0.02101852	-0.00796296	-0.01314815
 1.41620767	-0.01285185	 0.02055556	-0.00796296	-0.01351852
 1.42128372	-0.01262963	 0.02009260	-0.00759259	-0.01351852
 1.42635977	-0.01240741	 0.01962963	-0.00759259	-0.01314815
 1.43143570	-0.01218519	 0.01916667	-0.00722222	-0.01351852
 1.43651175	-0.01196296	 0.01870371	-0.00796296	-0.01314815
 1.44158781	-0.01174074	 0.01824074	-0.00796296	-0.01314815
 1.44666386	-0.01151852	 0.01777778	-0.00722222	-0.01351852
 1.45173979	-0.01129630	 0.01731482	-0.00722222	-0.01351852
 1.45681584	-0.01107407	 0.01685185	-0.00759259	-0.01314815
 1.46189189	-0.01085185	 0.01638889	-0.00796296	-0.01351852
 1.46696782	-0.01062963	 0.01592593	-0.00796296	-0.01314815
 1.47204387	-0.01040741	 0.01546297	-0.00722222	-0.01314815
 1.47711992	-0.01018518	 0.01500000	-0.00759259	-0.01314815
 1.48219585	-0.00964198	 0.01460494	-0.00759259	-0.01388889
 1.48727190	-0.00909877	 0.01420988	-0.00796296	-0.01314815
 1.49234796	-0.00855556	 0.01381481	-0.00796296	-0.01314815
 1.49742389	-0.00801235	 0.01341976	-0.00722222	-0.01314815
 1.50249994	-0.00746914	 0.01302469	-0.00722222	-0.01314815
 1.50757599	-0.00692593	 0.01262963	-0.00796296	-0.01314815
 1.51265192	-0.00638272	 0.01223457	-0.00796296	-0.01314815
 1.51772797	-0.00583951	 0.01183951	-0.00722222	-0.01314815
 1.52280402	-0.00529630	 0.01144444	-0.00796296	-0.01314815
 1.52787995	-0.00475309	 0.01104939	-0.00722222	-0.01314815
 1.53295600	-0.00420988	 0.01065432	-0.00722222	-0.01314815
 1.53803205	-0.00366667	 0.01025926	-0.00722222	-0.01314815
 1.54310811	-0.00312345	 0.00986419	-0.00759259	-0.01314815
 1.54818404	-0.00258025	 0.00946914	-0.00722222	-0.01314815
 1.55326009	-0.00203704	 0.00907407	-0.00722222	-0.01314815
 1.55833614	-0.00166666	 0.00888889	-0.00796296	-0.01314815
 1.56341207	-0.00129630	 0.00870370	-0.00722222	-0.01314815
 1.56848812	-0.00104938	 0.00870370	-0.00722222	-0.01314815
 1.57356417	-0.00080247	 0.00870370	-0.00759259	-0.01314815
 1.57864010	-0.00055556	 0.00870370	-0.00685185	-0.01314815
 1.58371615	-0.00018519	 0.00907407	-0.00722222	-0.01314815
 1.58879220	 0.00000000	 0.00907407	-0.00722222	-0.01314815
 1.59386814	 0.00018519	 0.00907407	-0.00722222	-0.01314815
 1.59894419	 0.00018519	 0.00907407	-0.00722222	-0.01314815
 1.60402024	 0.00018519	 0.00907407	-0.00722222	-0.01314815
 1.60909617	 0.00018519	 0.00870370	-0.00685185	-0.01314815
 1.61417222	 0.00018519	 0.00870370	-0.00796296	-0.01277778
 1.61924827	 0.00055556	 0.00907407	-0.00685185	-0.01314815
 1.62432432	 0.00055556	 0.00907407	-0.00685185	-0.01314815
 1.62940025	 0.00092593	 0.00907407	-0.00722222	-0.01314815
 1.63447630	 0.00092593	 0.00944444	-0.00722222	-0.01314815
 1.63955235	 0.00092593	 0.00944444	-0.00796296	-0.01314815
 1.64462829	 0.00092593	 0.00956790	-0.00722222	-0.01277778
 1.64970434	 0.00092593	 0.00969136	-0.00722222	-0.01314815
 1.65478039	 0.00092593	 0.00981481	-0.00685185	-0.01277778
 1.65985632	 0.00092593	 0.01018518	-0.00685185	-0.01277778
 1.66493237	 0.00111111	 0.01055556	-0.00685185	-0.01314815
 1.67000842	 0.00129630	 0.01092593	-0.00759259	-0.01314815
 1.67508435	 0.00166667	 0.01129630	-0.00722222	-0.01351852
 1.68016040	 0.00166667	 0.01129630	-0.00722222	-0.01314815
 1.68523645	 0.00166667	 0.01092593	-0.00759259	-0.01314815
 1.69031239	 0.00166667	 0.01055556	-0.00685185	-0.01314815
 1.69538844	 0.00166667	 0.00981481	-0.00722222	-0.01314815
 1.70046449	 0.00203704	 0.01055556	-0.00722222	-0.01314815
 1.70554054	 0.00222222	 0.01129631	-0.00759259	-0.01314815
 1.71061647	 0.00240741	 0.01203704	-0.00722222	-0.01314815
 1.71569252	 0.00277778	 0.01277778	-0.00759259	-0.01314815
 1.72076857	 0.00296297	 0.01351853	-0.00685185	-0.01314815
 1.72584450	 0.00314815	 0.01425926	-0.00685185	-0.01314815
 1.73092055	 0.00346154	 0.01445869	-0.00685185	-0.01351852
 1.73599660	 0.00377493	 0.01465812	-0.00685185	-0.01351852
 1.74107254	 0.00408832	 0.01485755	-0.00685185	-0.01314815
 1.74614859	 0.00440171	 0.01505698	-0.00648148	-0.01314815
 1.75122464	 0.00471510	 0.01525641	-0.00648148	-0.01314815
 1.75630057	 0.00502849	 0.01545584	-0.00648148	-0.01314815
 1.76137662	 0.00534188	 0.01565527	-0.00648148	-0.01351852
 1.76645267	 0.00565527	 0.01585470	-0.00648148	-0.01351852
 1.77152860	 0.00596866	 0.01605413	-0.00722222	-0.01314815
 1.77660465	 0.00628205	 0.01625356	-0.00648148	-0.01314815
 1.78168070	 0.00659544	 0.01645299	-0.00648148	-0.01351852
 1.78675663	 0.00690883	 0.01665242	-0.00685185	-0.01314815
 1.79183269	 0.00722222	 0.01685185	-0.00722222	-0.01314815
 1.79690874	 0.00722222	 0.01870370	-0.00759259	-0.01314815
 1.80198479	 0.00700000	 0.01927161	-0.00685185	-0.01314815
 1.80706072	 0.00677778	 0.01983950	-0.00685185	-0.01351852
 1.81213677	 0.00655556	 0.02040741	-0.00722222	-0.01314815
 1.81721282	 0.00633333	 0.02097531	-0.00648148	-0.01314815
 1.82228875	 0.00611111	 0.02154321	-0.00685185	-0.01351852
 1.82736480	 0.00588889	 0.02211111	-0.00685185	-0.01277778
 1.83244085	 0.00566666	 0.02267902	-0.00685185	-0.01277778
 1.83751678	 0.00544445	 0.02324691	-0.00685185	-0.01314815
 1.84259284	 0.00522222	 0.02381481	-0.00722222	-0.01314815
 1.84766889	 0.00500000	 0.02438272	-0.00685185	-0.01314815
 1.85274482	 0.00477778	 0.02495061	-0.00722222	-0.01314815
 1.85782087	 0.00455556	 0.02551852	-0.00685185	-0.01314815
 1.86289692	 0.00433333	 0.02608642	-0.00685185	-0.01314815
 1.86797285	 0.00411111	 0.02665432	-0.00685185	-0.01314815
 1.87304890	 0.00388889	 0.02722222	-0.00722222	-0.01277778
 1.87812495	 0.00388889	 0.02574074	-0.00722222	-0.01277778
 1.88320100	 0.00388889	 0.02500000	-0.00722222	-0.01314815
 1.88827693	 0.00351852	 0.02425926	-0.00722222	-0.01314815
 1.89335299	 0.00388889	 0.02388889	-0.00722222	-0.01314815
 1.89842904	 0.00356790	 0.02406173	-0.00722222	-0.01277778
 1.90350497	 0.00324692	 0.02423457	-0.00722222	-0.01277778
 1.90858102	 0.00292593	 0.02440741	-0.00685185	-0.01314815
 1.91365707	 0.00260494	 0.02458025	-0.00685185	-0.01314815
 1.91873300	 0.00228395	 0.02475309	-0.00722222	-0.01277778
 1.92380905	 0.00196296	 0.02492593	-0.00722222	-0.01314815
 1.92888510	 0.00164197	 0.02509877	-0.00722222	-0.01314815
 1.93396103	 0.00132099	 0.02527160	-0.00685185	-0.01314815
 1.93903708	 0.00100000	 0.02544445	-0.00722222	-0.01277778
 1.94411314	 0.00067901	 0.02561729	-0.00722222	-0.01277778
 1.94918907	 0.00035803	 0.02579012	-0.00722222	-0.01314815
 1.95426512	 0.00003704	 0.02596296	-0.00685185	-0.01314815
 1.95934117	-0.00028395	 0.02613580	-0.00685185	-0.01277778
 1.96441710	-0.00060494	 0.02630864	-0.00796296	-0.01314815
 1.96949315	-0.00092593	 0.02648148	-0.00722222	-0.01314815
 1.97456920	-0.00124692	 0.02665432	-0.00722222	-0.01314815
 1.97964525	-0.00156791	 0.02682716	-0.00722222	-0.01314815
 1.98472118	-0.00188889	 0.02700000	-0.00648148	-0.01314815
 1.98979723	-0.00220988	 0.02717284	-0.00685185	-0.01314815
 1.99487329	-0.00253087	 0.02734568	-0.00648148	-0.01314815
 1.99994922	-0.00285185	 0.02751852	-0.00685185	-0.01277778
 2.00502515	-0.00317283	 0.02769136	-0.00722222	-0.01277778
 2.01010132	-0.00349383	 0.02786420	-0.00685185	-0.01314815
 2.01517725	-0.00381481	 0.02803704	-0.00685185	-0.01351852
 2.02025342	-0.00413581	 0.02820988	-0.00685185	-0.01314815
 2.02532935	-0.00445679	 0.02838272	-0.00722222	-0.01277778
 2.03040528	-0.00477778	 0.02855556	-0.00685185	-0.01277778
 2.03548145	-0.00509878	 0.02872840	-0.00722222	-0.01314815
 2.04055738	-0.00541976	 0.02890124	-0.00685185	-0.01314815
 2.04563332	-0.00574074	 0.02907407	-0.00685185	-0.01314815
 2.05070949	-0.00564197	 0.02909877	-0.00722222	-0.01277778
 2.05578542	-0.00554321	 0.02912346	-0.00685185	-0.01314815
 2.06086135	-0.00544444	 0.02914815	-0.00648148	-0.01314815
 2.06593752	-0.00534568	 0.02917284	-0.00722222	-0.01314815
 2.07101345	-0.00524691	 0.02919753	-0.00685185	-0.01314815
 2.07608938	-0.00514815	 0.02922222	-0.00685185	-0.01314815
 2.08116555	-0.00504938	 0.02924691	-0.00722222	-0.01314815
 2.08624148	-0.00495062	 0.02927161	-0.00685185	-0.01277778
 2.09131742	-0.00485185	 0.02929630	-0.00796296	-0.01351852
 2.09639359	-0.00475308	 0.02932099	-0.00759259	-0.01314815
 2.10146952	-0.00465432	 0.02934568	-0.00796296	-0.01314815
 2.10654545	-0.00455556	 0.02937037	-0.00722222	-0.01314815
 2.11162162	-0.00445679	 0.02939506	-0.00759259	-0.01314815
 2.11669755	-0.00435802	 0.02941975	-0.00685185	-0.01314815
 2.12177348	-0.00425926	 0.02944444	-0.00722222	-0.01314815
 2.12684965	-0.00425926	 0.02944444	-0.00796296	-0.01314815
 2.13192558	-0.00425926	 0.02944444	-0.00722222	-0.01314815
 2.13700151	-0.00425926	 0.02981482	-0.00685185	-0.01351852
 2.14207768	-0.00425926	 0.02981482	-0.00796296	-0.01314815
 2.14715362	-0.00425926	 0.03055556	-0.00796296	-0.01314815
 2.15222955	-0.00462963	 0.03129630	-0.00796296	-0.01351852
 2.15730572	-0.00475309	 0.03043208	-0.00759259	-0.01314815
 2.16238165	-0.00487654	 0.02956790	-0.00722222	-0.01314815
 2.16745758	-0.00500000	 0.02870372	-0.00833333	-0.01314815
 2.17253375	-0.00512346	 0.02783950	-0.00796296	-0.01277778
 2.17760968	-0.00524691	 0.02697532	-0.00796296	-0.01314815
 2.18268561	-0.00537037	 0.02611114	-0.00796296	-0.01277778
 2.18776178	-0.00549383	 0.02524692	-0.00796296	-0.01314815
 2.19283772	-0.00561728	 0.02438274	-0.00722222	-0.01277778
 2.19791389	-0.00574074	 0.02351852	-0.00722222	-0.01277778
 2.20298982	-0.00574074	 0.02166667	-0.00722222	-0.01277778
 2.20806575	-0.00574074	 0.01981482	-0.00796296	-0.01314815
 2.21314192	-0.00574074	 0.01796296	-0.00796296	-0.01314815
 2.21821785	-0.00545268	 0.01792181	-0.00722222	-0.01314815
 2.22329378	-0.00516462	 0.01788066	-0.00722222	-0.01277778
 2.22836995	-0.00487654	 0.01783951	-0.00722222	-0.01314815
 2.23344588	-0.00458848	 0.01779835	-0.00796296	-0.01277778
 2.23852181	-0.00430042	 0.01775720	-0.00759259	-0.01277778
 2.24359798	-0.00401235	 0.01771605	-0.00722222	-0.01314815
 2.24867392	-0.00372428	 0.01767490	-0.00722222	-0.01314815
 2.25374985	-0.00343622	 0.01763375	-0.00722222	-0.01314815
 2.25882602	-0.00314815	 0.01759259	-0.00722222	-0.01314815
 2.26390195	-0.00277778	 0.01833333	-0.00759259	-0.01314815
 2.26897788	-0.00277778	 0.01870370	-0.00722222	-0.01314815
 2.27405405	-0.00240741	 0.01907407	-0.00722222	-0.01314815
 2.27912998	-0.00203704	 0.01981482	-0.00722222	-0.01351852
 2.28420591	-0.00203704	 0.01981482	-0.00722222	-0.01314815
 2.28928208	-0.00203704	 0.01990741	-0.00796296	-0.01314815
 2.29435802	-0.00203704	 0.02000000	-0.00796296	-0.01351852
 2.29943395	-0.00203704	 0.02009259	-0.00722222	-0.01314815
 2.30451012	-0.00203704	 0.02018519	-0.00759259	-0.01351852
 2.30958605	-0.00203704	 0.01944445	-0.00722222	-0.01351852
 2.31466198	-0.00222222	 0.01907408	-0.00759259	-0.01314815
 2.31973815	-0.00240741	 0.01870370	-0.00796296	-0.01314815
 2.32481408	-0.00259259	 0.01833333	-0.00722222	-0.01351852
 2.32989001	-0.00277778	 0.01796296	-0.00722222	-0.01351852
 2.33496618	-0.00277778	 0.01759258	-0.00796296	-0.01351852
 2.34004211	-0.00277778	 0.01722222	-0.00722222	-0.01351852
 2.34511805	-0.00277778	 0.01648148	-0.00759259	-0.01314815
 2.35019422	-0.00277778	 0.01611111	-0.00759259	-0.01314815
 2.35527015	-0.00277778	 0.01574074	-0.00759259	-0.01314815
 2.36034632	-0.00277778	 0.01537037	-0.00685185	-0.01351852
 2.36542225	-0.00277778	 0.01500000	-0.00759259	-0.01351852
 2.37049818	-0.00277778	 0.01462963	-0.00722222	-0.01351852
 2.37557435	-0.00285185	 0.01433332	-0.00796296	-0.01388889
 2.38065028	-0.00292593	 0.01403703	-0.00722222	-0.01388889
 2.38572621	-0.00300000	 0.01374074	-0.00722222	-0.01351852
 2.39080238	-0.00307408	 0.01344444	-0.00722222	-0.01314815
 2.39587831	-0.00314815	 0.01314815	-0.00685185	-0.01351852
 2.40095425	-0.00314815	 0.01277778	-0.00722222	-0.01314815
 2.40603042	-0.00314815	 0.01240741	-0.00722222	-0.01314815
 2.41110635	-0.00296296	 0.01203704	-0.00722222	-0.01314815
 2.41618228	-0.00277778	 0.01166667	-0.00796296	-0.01314815
 2.42125845	-0.00240740	 0.01129629	-0.00722222	-0.01314815
 2.42633438	-0.00203704	 0.01092593	-0.00722222	-0.01351852
 2.43141031	-0.00174075	 0.01100000	-0.00759259	-0.01314815
 2.43648648	-0.00144444	 0.01107408	-0.00722222	-0.01314815
 2.44156241	-0.00114815	 0.01114815	-0.00796296	-0.01314815
 2.44663835	-0.00085186	 0.01122222	-0.00759259	-0.01277778
 2.45171452	-0.00055556	 0.01129630	-0.00722222	-0.01314815
 2.45679045	-0.00055556	 0.01129630	-0.00796296	-0.01314815
 2.46186638	-0.00055556	 0.01166667	-0.00833333	-0.01314815
 2.46694255	-0.00018519	 0.01166667	-0.00796296	-0.01351852
 2.47201848	-0.00018519	 0.01166667	-0.00722222	-0.01314815
 2.47709441	 0.00018519	 0.01129630	-0.00759259	-0.01277778
 2.48217058	 0.00018519	 0.01129630	-0.00833333	-0.01314815
 2.48724651	-0.00018519	 0.01129630	-0.00759259	-0.01314815
 2.49232244	 0.00018519	 0.01129630	-0.00796296	-0.01314815
 2.49739861	 0.00018519	 0.01166667	-0.00759259	-0.01277778
 2.50247455	 0.00018519	 0.01166667	-0.00796296	-0.01314815
 2.50755048	 0.00018519	 0.01203704	-0.00722222	-0.01277778
 2.51262665	 0.00018519	 0.01203704	-0.00722222	-0.01314815
 2.51770258	-0.00018519	 0.01240741	-0.00796296	-0.01351852
 2.52277851	-0.00018519	 0.01240741	-0.00796296	-0.01314815
 2.52785468	-0.00018519	 0.01240741	-0.00796296	-0.01314815
 2.53293061	-0.00018519	 0.01240741	-0.00759259	-0.01314815
 2.53800678	-0.00055556	 0.01277778	-0.00722222	-0.01314815
 2.54308271	-0.00055556	 0.01277778	-0.00722222	-0.01351852
 2.54815865	-0.00067901	 0.01283950	-0.00796296	-0.01314815
 2.55323482	-0.00080247	 0.01290124	-0.00722222	-0.01314815
 2.55831075	-0.00092593	 0.01296296	-0.00796296	-0.01314815
 2.56338668	-0.00104938	 0.01302469	-0.00722222	-0.01314815
 2.56846285	-0.00117284	 0.01308642	-0.00759259	-0.01314815
 2.57353878	-0.00129630	 0.01314815	-0.00722222	-0.01351852
 2.57861471	-0.00129630	 0.01314815	-0.00722222	-0.01314815
 2.58369088	-0.00129630	 0.01277777	-0.00722222	-0.01351852
 2.58876681	-0.00129630	 0.01240741	-0.00685185	-0.01351852
 2.59384274	-0.00092593	 0.01203705	-0.00722222	-0.01351852
 2.59891891	-0.00055556	 0.01166667	-0.00685185	-0.01314815
 2.60399485	-0.00055556	 0.01148148	-0.00722222	-0.01351852
 2.60907078	-0.00055556	 0.01129630	-0.00722222	-0.01314815
 2.61414695	-0.00039094	 0.01150206	-0.00759259	-0.01314815
 2.61922288	-0.00022633	 0.01170782	-0.00722222	-0.01351852
 2.62429881	-0.00006173	 0.01191358	-0.00796296	-0.01351852
 2.62937498	 0.00010289	 0.01211935	-0.00759259	-0.01314815
 2.63445091	 0.00026749	 0.01232511	-0.00722222	-0.01351852
 2.63952684	 0.00043210	 0.01253086	-0.00759259	-0.01351852
 2.64460301	 0.00059671	 0.01273663	-0.00722222	-0.01314815
 2.64967895	 0.00076132	 0.01294239	-0.00759259	-0.01351852
 2.65475488	 0.00092593	 0.01314815	-0.00722222	-0.01314815
 2.65983105	 0.00092593	 0.01314815	-0.00685185	-0.01314815
 2.66490698	 0.00055556	 0.01314815	-0.00759259	-0.01351852
 2.66998291	 0.00043210	 0.01314815	-0.00685185	-0.01314815
 2.67505908	 0.00030864	 0.01314815	-0.00759259	-0.01351852
 2.68013501	 0.00018519	 0.01314815	-0.00722222	-0.01314815
 2.68521094	 0.00018519	 0.01277778	-0.00722222	-0.01314815
 2.69028711	 0.00018519	 0.01277778	-0.00759259	-0.01314815
 2.69536304	-0.00018519	 0.01240741	-0.00648148	-0.01314815
 2.70043898	-0.00018519	 0.01203704	-0.00648148	-0.01314815
 2.70551515	-0.00018519	 0.01166667	-0.00759259	-0.01314815
 2.71059108	-0.00055556	 0.01166667	-0.00722222	-0.01314815
 2.71566725	-0.00018519	 0.01129630	-0.00722222	-0.01314815
 2.72074318	-0.00055556	 0.01129630	-0.00722222	-0.01314815
 2.72581911	-0.00055556	 0.01129630	-0.00796296	-0.01314815
 2.73089528	-0.00055556	 0.01129630	-0.00685185	-0.01314815
 2.73597121	-0.00055556	 0.01129630	-0.00722222	-0.01314815
 2.74104714	-0.00092593	 0.01166667	-0.00796296	-0.01314815
 2.74612331	-0.00092593	 0.01203704	-0.00722222	-0.01277778
 2.75119925	-0.00104938	 0.01228395	-0.00722222	-0.01314815
 2.75627518	-0.00117284	 0.01253086	-0.00796296	-0.01277778
 2.76135135	-0.00129630	 0.01277778	-0.00722222	-0.01277778
 2.76642728	-0.00129630	 0.01314815	-0.00759259	-0.01277778
 2.77150321	-0.00129630	 0.01351851	-0.00722222	-0.01314815
 2.77657938	-0.00129630	 0.01388889	-0.00796296	-0.01314815
 2.78165531	-0.00129630	 0.01425926	-0.00722222	-0.01277778
 2.78673124	-0.00129630	 0.01425926	-0.00722222	-0.01314815
 2.79180741	-0.00129630	 0.01425926	-0.00722222	-0.01277778
 2.79688334	-0.00129630	 0.01425926	-0.00685185	-0.01277778
 2.80195928	-0.00129630	 0.01425926	-0.00796296	-0.01314815
 2.80703545	-0.00129630	 0.01388889	-0.00722222	-0.01314815
 2.81211138	-0.00129630	 0.01351852	-0.00722222	-0.01314815
 2.81718731	-0.00129630	 0.01351852	-0.00722222	-0.01314815
 2.82226348	-0.00129630	 0.01314815	-0.00722222	-0.01277778
 2.82733941	-0.00129630	 0.01314815	-0.00685185	-0.01277778
 2.83241534	-0.00117284	 0.01290124	-0.00722222	-0.01277778
 2.83749151	-0.00104938	 0.01265432	-0.00722222	-0.01314815
 2.84256744	-0.00092593	 0.01240741	-0.00685185	-0.01277778
 2.84764338	-0.00092593	 0.01222223	-0.00759259	-0.01351852
 2.85271955	-0.00092593	 0.01203704	-0.00759259	-0.01277778
 2.85779548	-0.00092593	 0.01185185	-0.00722222	-0.01314815
 2.86287141	-0.00092593	 0.01166667	-0.00759259	-0.01314815
 2.86794758	-0.00092593	 0.01092593	-0.00722222	-0.01314815
 2.87302351	-0.00129630	 0.01092593	-0.00685185	-0.01314815
 2.87809944	-0.00129630	 0.01092593	-0.00759259	-0.01314815
 2.88317561	-0.00129630	 0.01055556	-0.00648148	-0.01277778
 2.88825154	-0.00129630	 0.01055556	-0.00759259	-0.01277778
 2.89332771	-0.00129630	 0.01055556	-0.00648148	-0.01351852
 2.89840364	-0.00141975	 0.01055556	-0.00722222	-0.01351852
 2.90347958	-0.00154321	 0.01055556	-0.00759259	-0.01314815
 2.90855575	-0.00166667	 0.01055556	-0.00648148	-0.01314815
 2.91363168	-0.00203704	 0.01055556	-0.00722222	-0.01351852
 2.91870761	-0.00203704	 0.01067901	-0.00648148	-0.01351852
 2.92378378	-0.00203704	 0.01080247	-0.00722222	-0.01351852
 2.92885971	-0.00203704	 0.01092593	-0.00759259	-0.01314815
 2.93393564	-0.00211111	 0.01085185	-0.00648148	-0.01351852
 2.93901181	-0.00218519	 0.01077778	-0.00759259	-0.01314815
 2.94408774	-0.00225926	 0.01070370	-0.00722222	-0.01314815
 2.94916368	-0.00233333	 0.01062963	-0.00759259	-0.01314815
 2.95423985	-0.00240741	 0.01055556	-0.00759259	-0.01314815
 2.95931578	-0.00240741	 0.01033334	-0.00759259	-0.01314815
 2.96439171	-0.00240741	 0.01011112	-0.00759259	-0.01314815
 2.96946788	-0.00240741	 0.00988888	-0.00796296	-0.01351852
 2.97454381	-0.00240741	 0.00966666	-0.00796296	-0.01314815
 2.97961974	-0.00240741	 0.00944444	-0.00722222	-0.01314815
 2.98469591	-0.00277778	 0.00981481	-0.00796296	-0.01314815
 2.98977184	-0.00268519	 0.00962963	-0.00833333	-0.01314815
 2.99484777	-0.00259259	 0.00944445	-0.00796296	-0.01351852
 2.99992394	-0.00250000	 0.00925926	-0.00833333	-0.01314815
 3.00499988	-0.00240741	 0.00907407	-0.00833333	-0.01314815
 3.01007581	-0.00231482	 0.00888889	-0.00796296	-0.01351852
 3.01515198	-0.00222222	 0.00870370	-0.00833333	-0.01314815
 3.02022791	-0.00212963	 0.00851852	-0.00833333	-0.01314815
 3.02530384	-0.00203704	 0.00833333	-0.00870370	-0.01314815
 3.03038001	-0.00203704	 0.00796296	-0.00907407	-0.01314815
 3.03545594	-0.00185185	 0.00777778	-0.00907407	-0.01314815
 3.04053187	-0.00166667	 0.00759259	-0.00907407	-0.01277778
 3.04560804	-0.00166667	 0.00759259	-0.00907407	-0.01314815
 3.05068398	-0.00166667	 0.00759259	-0.00907407	-0.01314815
 3.05575991	-0.00166667	 0.00753968	-0.00944444	-0.01314815
 3.06083608	-0.00166667	 0.00748677	-0.00944444	-0.01314815
 3.06591201	-0.00166667	 0.00743386	-0.00944444	-0.01314815
 3.07098818	-0.00166667	 0.00738095	-0.00981481	-0.01314815
 3.07606411	-0.00166667	 0.00732804	-0.00944444	-0.01314815
 3.08114004	-0.00166667	 0.00727513	-0.01018518	-0.01314815
 3.08621621	-0.00166667	 0.00722222	-0.01018518	-0.01314815
 3.09129214	-0.00166667	 0.00716931	-0.01055556	-0.01351852
 3.09636807	-0.00166667	 0.00711640	-0.01092593	-0.01351852
 3.10144424	-0.00166667	 0.00706349	-0.01092593	-0.01351852
 3.10652018	-0.00166667	 0.00701058	-0.01129630	-0.01351852
 3.11159611	-0.00166667	 0.00695767	-0.01092593	-0.01351852
 3.11667228	-0.00166667	 0.00690476	-0.01129630	-0.01388889
 3.12174821	-0.00166667	 0.00685185	-0.01166667	-0.01388889
 3.12682414	-0.00166667	 0.00685185	-0.01240741	-0.01425926
 3.13190031	-0.00166667	 0.00666666	-0.01240741	-0.01462963
 3.13697624	-0.00166667	 0.00648148	-0.01240741	-0.01425926
 3.14205217	-0.00166667	 0.00648148	-0.01277778	-0.01462963
 3.14712834	-0.00154321	 0.00611110	-0.01277778	-0.01462963
 3.15220428	-0.00141975	 0.00574074	-0.01314815	-0.01500000
 3.15728021	-0.00129630	 0.00537037	-0.01314815	-0.01500000
 3.16235638	-0.00166667	 0.00537037	-0.01351852	-0.01537037
 3.16743231	-0.00166667	 0.00500000	-0.01462963	-0.01537037
 3.17250824	-0.00148149	 0.00462964	-0.01462963	-0.01537037
 3.17758441	-0.00129630	 0.00425926	-0.01537037	-0.01574074
 3.18266034	-0.00129630	 0.00401235	-0.01611111	-0.01611111
 3.18773627	-0.00129630	 0.00376544	-0.01648148	-0.01574074
 3.19281244	-0.00129630	 0.00351852	-0.01722222	-0.01574074
 3.19788837	-0.00129630	 0.00351852	-0.01796296	-0.01611111
 3.20296431	-0.00129630	 0.00314815	-0.01833333	-0.01574074
 3.20804048	-0.00129630	 0.00314815	-0.01944444	-0.01648148
 3.21311641	-0.00129630	 0.00314815	-0.02055555	-0.01648148
 3.21819234	-0.00129630	 0.00314815	-0.01500000	-0.02092593
 3.22326851	-0.00129630	 0.00314815	-0.01537037	-0.02129630
 3.22834444	-0.00129630	 0.00314815	-0.02314815	-0.01722222
 3.23342037	-0.00129630	 0.00314815	-0.02462963	-0.01722222
 3.23849654	-0.00129630	 0.00314815	-0.02462963	-0.01759259
 3.24357247	-0.00129630	 0.00302469	-0.02611111	-0.01759259
 3.24864864	-0.00129630	 0.00290123	-0.02759259	-0.01796296
 3.25372458	-0.00129630	 0.00277778	-0.02870370	-0.01796296
 3.25880051	-0.00129630	 0.00277778	-0.02907407	-0.01870370
 3.26387668	-0.00129630	 0.00314815	-0.03166667	-0.01870370
 3.26895261	-0.00129630	 0.00314815	-0.03203703	-0.01944445
 3.27402854	-0.00129630	 0.00314815	-0.03277778	-0.01944445
 3.27910471	-0.00129630	 0.00314815	-0.03425926	-0.02092593
 3.28418064	-0.00129630	 0.00314815	-0.03537037	-0.02129630
 3.28925657	-0.00129630	 0.00277778	-0.03722222	-0.02129630
 3.29433274	-0.00129630	 0.00277778	-0.03759259	-0.02277778
 3.29940867	-0.00129630	 0.00277778	-0.03758050	-0.02272638
 3.30448461	-0.00129630	 0.00277778	-0.03756840	-0.02267498
 3.30956078	-0.00129630	 0.00277778	-0.03755631	-0.02262358
 3.31463671	-0.00129630	 0.00277778	-0.03754422	-0.02257218
 3.31971264	-0.00129630	 0.00277778	-0.03753212	-0.02252079
 3.32478881	-0.00129630	 0.00240741	-0.03752003	-0.02246939
 3.34001684	-0.00129630	 0.00203704	-0.03748375	-0.02231519
 3.34509277	-0.00129630	 0.00203704	-0.03747165	-0.02226379
 3.35016870	-0.00129630	 0.00166667	-0.03745956	-0.02221240
 3.35524487	-0.00129630	 0.00166667	-0.03744747	-0.02216100
 3.36032081	-0.00129630	 0.00129630	-0.03743537	-0.02210960
 3.41615701	-0.00129630	 0.00018519	-0.03730234	-0.02154422
 3.42630911	-0.00129630	 0.00018519	-0.03727815	-0.02144142
 3.43138504	-0.00129630	-0.00018519	-0.03726606	-0.02139002
 3.44153714	-0.00129630	-0.00018519	-0.03724187	-0.02128723
 3.44661307	-0.00129630	-0.00055556	-0.03722978	-0.02123583
 3.45168900	-0.00129630	-0.00055556	-0.03721768	-0.02118443
 3.45676517	-0.00129630	-0.00092593	-0.03720559	-0.02113303
 3.46184111	-0.00129630	-0.00092593	-0.03719350	-0.02108163
 3.46691704	-0.00129630	-0.00092593	-0.03718140	-0.02103024
 3.47199321	-0.00129630	-0.00092593	-0.03716931	-0.02097884
 3.47706914	-0.00129630	-0.00129630	-0.03715722	-0.02092744
 3.48214507	-0.00129630	-0.00129630	-0.03714512	-0.02087604
 3.48722124	-0.00129630	-0.00129630	-0.03713303	-0.02082464
 3.49229717	-0.00129630	-0.00129630	-0.03712093	-0.02077324
 3.50244927	-0.00129630	-0.00129630	-0.03709675	-0.02067045
 3.50752521	-0.00129630	-0.00166667	-0.03708465	-0.02061905
 3.51260114	-0.00129630	-0.00166667	-0.03707256	-0.02056765
 3.51767731	-0.00129630	-0.00166667	-0.03706047	-0.02051625
 3.53290534	-0.00129630	-0.00203704	-0.03702418	-0.02036206
 3.53798127	-0.00129630	-0.00166667	-0.03701209	-0.02031066
 3.54305720	-0.00129630	-0.00166667	-0.03700000	-0.02025926
 3.54813337	-0.00129630	-0.00166667	-0.03698790	-0.02020786
 3.55320930	-0.00129630	-0.00166667	-0.03697581	-0.02015646
 3.55828524	-0.00129630	-0.00166667	-0.03696372	-0.02010507
 3.56336141	-0.00129630	-0.00166667	-0.03695162	-0.02005367
 3.56843734	-0.00129630	-0.00166667	-0.03693953	-0.02000227
 3.57351327	-0.00092593	-0.00166667	-0.03692744	-0.01995087
 3.58366537	-0.00092593	-0.00166667	-0.03690325	-0.01984807
 3.58874154	-0.00092593	-0.00166667	-0.03689115	-0.01979667
 3.59381747	-0.00092593	-0.00166667	-0.03687906	-0.01974528
 3.59889340	-0.00092593	-0.00166667	-0.03686697	-0.01969388
 3.60396957	-0.00055556	-0.00166667	-0.03685487	-0.01964248
 3.60904551	-0.00055556	-0.00166667	-0.03684278	-0.01959108
 3.61412144	-0.00055556	-0.00166667	-0.03683069	-0.01953968
 3.61919761	-0.00055556	-0.00203704	-0.03681859	-0.01948828
 3.62427354	-0.00055556	-0.00203704	-0.03680650	-0.01943689
 3.62934947	-0.00055556	-0.00203704	-0.03679440	-0.01938549
 3.63442564	-0.00055556	-0.00240741	-0.03678231	-0.01933409
 3.63950157	-0.00055556	-0.00240741	-0.03677022	-0.01928269
 3.64457750	-0.00055556	-0.00277778	-0.03675812	-0.01923129
 3.64965367	-0.00055556	-0.00277778	-0.03674603	-0.01917989
 3.65472960	-0.00055556	-0.00277778	-0.03673394	-0.01912850
 3.65980554	-0.00055556	-0.00314815	-0.03672184	-0.01907710
 3.66488171	-0.00055556	-0.00314815	-0.03670975	-0.01902570
 3.66995764	-0.00055556	-0.00314815	-0.03669765	-0.01897430
 3.67503357	-0.00055556	-0.00314815	-0.03668556	-0.01892290
 3.68010974	-0.00055556	-0.00351852	-0.03667347	-0.01887150
 3.68518567	-0.00055556	-0.00351852	-0.03666137	-0.01882011
 3.69026160	-0.00055556	-0.00314815	-0.03664928	-0.01876871
 3.69533777	-0.00055556	-0.00351852	-0.03663719	-0.01871731
 3.70041370	-0.00055556	-0.00351852	-0.03662509	-0.01866591
 3.70548964	-0.00055556	-0.00351852	-0.03661300	-0.01861451
 3.71056581	-0.00055556	-0.00388889	-0.03660090	-0.01856311
 3.71564174	-0.00055556	-0.00388889	-0.03658881	-0.01851172
 3.72071767	-0.00055556	-0.00351852	-0.03657672	-0.01846032
 3.72579384	-0.00055556	-0.00351852	-0.03656462	-0.01840892
 3.73594570	-0.00055556	-0.00388889	-0.03654044	-0.01830612
 3.74102187	-0.00092593	-0.00425926	-0.03652834	-0.01825472
 3.74609780	-0.00055556	-0.00425926	-0.03651625	-0.01820333
 3.75117373	-0.00092593	-0.00425926	-0.03650416	-0.01815193
 3.75624990	-0.00055556	-0.00425926	-0.03649206	-0.01810053
 3.76132584	-0.00055556	-0.00425926	-0.03647997	-0.01804913
 3.76640201	-0.00055556	-0.00425926	-0.03646787	-0.01799773
 3.77147794	-0.00055556	-0.00425926	-0.03645578	-0.01794633
 3.77655387	-0.00055556	-0.00388889	-0.03644369	-0.01789494
 3.78163004	-0.00055556	-0.00388889	-0.03643159	-0.01784354
 3.78670597	-0.00055556	-0.00425926	-0.03641950	-0.01779214
 3.79178190	-0.00055556	-0.00425926	-0.03640741	-0.01774074
 3.79685807	-0.00055556	-0.00425926	-0.03639531	-0.01768934
 3.80193400	-0.00055556	-0.00425926	-0.03638322	-0.01763794
 3.80700994	-0.00055556	-0.00425926	-0.03637112	-0.01758655
 3.81208611	-0.00055556	-0.00388889	-0.03635903	-0.01753515
 3.81716204	-0.00055556	-0.00388889	-0.03634694	-0.01748375
 3.84254217	-0.00055556	-0.00351852	-0.03628647	-0.01722676
 3.84761810	-0.00055556	-0.00351852	-0.03627437	-0.01717536
 3.85269403	-0.00055556	-0.00351852	-0.03626228	-0.01712396
 3.85777020	-0.00055556	-0.00351852	-0.03625019	-0.01707256
 3.86284614	-0.00055556	-0.00351852	-0.03623809	-0.01702116
 3.86792207	-0.00055556	-0.00351852	-0.03622600	-0.01696977
 3.87299824	-0.00055556	-0.00351852	-0.03621391	-0.01691837
 3.87807417	-0.00055556	-0.00351852	-0.03620181	-0.01686697
 3.88315010	-0.00055556	-0.00351852	-0.03618972	-0.01681557
 3.88822627	-0.00055556	-0.00351852	-0.03617762	-0.01676417
 3.89330220	-0.00018519	-0.00351852	-0.03616553	-0.01671277
 3.89837813	-0.00018519	-0.00351852	-0.03615344	-0.01666138
 3.90345430	-0.00018519	-0.00351852	-0.03614134	-0.01660998
 3.90853024	-0.00018519	-0.00351852	-0.03612925	-0.01655858
 3.91360617	-0.00018519	-0.00351852	-0.03611716	-0.01650718
 3.91868234	-0.00018519	-0.00351852	-0.03610506	-0.01645578
 3.92375827	-0.00018519	-0.00351852	-0.03609297	-0.01640438
 3.92883420	-0.00018519	-0.00351852	-0.03608087	-0.01635299
 3.93391037	-0.00018519	-0.00388889	-0.03606878	-0.01630159
 3.93898630	-0.00018519	-0.00388889	-0.03605669	-0.01625019
 3.94406247	-0.00018519	-0.00388889	-0.03604459	-0.01619879
 3.94913840	-0.00018519	-0.00388889	-0.03603250	-0.01614739
 3.95421433	-0.00018519	-0.00425926	-0.03602041	-0.01609599
 3.95929050	-0.00055556	-0.00425926	-0.03600831	-0.01604459
 3.96436644	-0.00018519	-0.00425926	-0.03599622	-0.01599320
 3.97451854	-0.00055556	-0.00462963	-0.03597203	-0.01589040
 3.97959447	-0.00055556	-0.00462963	-0.03595994	-0.01583900
 3.98467040	-0.00018519	-0.00462963	-0.03594784	-0.01578760
 3.98974657	-0.00018519	-0.00462963	-0.03593575	-0.01573620
 3.99482250	-0.00018519	-0.00462963	-0.03592366	-0.01568481
 3.99989843	-0.00018519	-0.00462963	-0.03591156	-0.01563341
 4.00497437	-0.00018519	-0.00462963	-0.03589947	-0.01558201
 4.01005030	-0.00018519	-0.00462963	-0.03588738	-0.01553061
 4.01512671	-0.00018519	-0.00462963	-0.03587528	-0.01547921
 4.02020264	-0.00018519	-0.00462963	-0.03586319	-0.01542781
 4.02527857	-0.00018519	-0.00462963	-0.03585109	-0.01537642
 4.03035450	-0.00018519	-0.00462963	-0.03583900	-0.01532502
 4.03543043	-0.00055556	-0.00462963	-0.03582691	-0.01527362
 4.04050684	-0.00055556	-0.00462963	-0.03581481	-0.01522222
 4.04558277	-0.00018519	-0.00462963	-0.03580272	-0.01517082
 4.06588650	-0.00018519	-0.00425926	-0.03575434	-0.01496523
 4.07096291	-0.00018519	-0.00425926	-0.03574225	-0.01491383
 4.07603884	 0.00018519	-0.00425926	-0.03573016	-0.01486243
 4.08111477	-0.00018519	-0.00425926	-0.03571806	-0.01481103
 4.08619070	-0.00018519	-0.00388889	-0.03570597	-0.01475964
 4.09126663	 0.00018519	-0.00388889	-0.03569388	-0.01470824
 4.09634256	 0.00018519	-0.00388889	-0.03568178	-0.01465684
 4.10141897	 0.00018519	-0.00351852	-0.03566969	-0.01460544
 4.10649490	-0.00018519	-0.00351852	-0.03565759	-0.01455404
 4.11157084	 0.00018519	-0.00351852	-0.03564550	-0.01450264
 4.11664677	 0.00018519	-0.00351852	-0.03563341	-0.01445125
 4.12172270	 0.00018519	-0.00314815	-0.03562131	-0.01439985
 4.12679863	 0.00018519	-0.00314815	-0.03560922	-0.01434845
 4.13187504	 0.00018519	-0.00277778	-0.03559713	-0.01429705
 4.13695097	 0.00018519	-0.00277778	-0.03558503	-0.01424565
 4.14202690	 0.00018519	-0.00277778	-0.03557294	-0.01419425
 4.14710283	 0.00018519	-0.00277778	-0.03556084	-0.01414286
 4.15217876	 0.00018519	-0.00240741	-0.03554875	-0.01409146
 4.15725470	 0.00018519	-0.00240741	-0.03553666	-0.01404006
 4.16233110	 0.00018519	-0.00240741	-0.03552456	-0.01398866
 4.16740704	 0.00018519	-0.00240741	-0.03551247	-0.01393726
 4.17248297	 0.00018519	-0.00240741	-0.03550038	-0.01388586
 4.17755890	 0.00018519	-0.00240741	-0.03548828	-0.01383447
 4.18263483	 0.00018519	-0.00203704	-0.03547619	-0.01378307
 4.18771076	 0.00018519	-0.00203704	-0.03546410	-0.01373167
 4.21816730	 0.00055556	-0.00203704	-0.03539153	-0.01342328
 4.22324324	 0.00055556	-0.00203704	-0.03537944	-0.01337188
 4.23339510	 0.00055556	-0.00203704	-0.03535525	-0.01326909
 4.23847103	 0.00055556	-0.00203704	-0.03534316	-0.01321769
 4.30445910	 0.00055556	-0.00129630	-0.03518594	-0.01254951
 4.30953550	 0.00055556	-0.00129630	-0.03517385	-0.01249811
 4.31461143	 0.00055556	-0.00129630	-0.03516175	-0.01244671
 4.35014343	 0.00018519	-0.00055556	-0.03507710	-0.01208692
 4.35521936	 0.00018519	-0.00018519	-0.03506500	-0.01203553
 4.36029530	 0.00018519	 0.00018519	-0.03505291	-0.01198413
 4.37044764	 0.00018519	 0.00055556	-0.03502872	-0.01188133
 4.37552357	 0.00018519	 0.00055556	-0.03501663	-0.01182993
 4.38567543	 0.00018519	 0.00092593	-0.03499244	-0.01172714
 4.39075136	 0.00018519	 0.00129630	-0.03498035	-0.01167574
 4.39582777	 0.00018519	 0.00166667	-0.03496825	-0.01162434
 4.40090370	 0.00018519	 0.00129630	-0.03495616	-0.01157294
 4.40597963	 0.00018519	 0.00203704	-0.03494406	-0.01152154
 4.41105556	 0.00018519	 0.00203704	-0.03493197	-0.01147014
 4.41613150	 0.00018519	 0.00203704	-0.03491988	-0.01141875
 4.42120743	 0.00018519	 0.00203704	-0.03490778	-0.01136735
 4.43643570	 0.00018519	 0.00240741	-0.03487150	-0.01121315
 4.44151163	 0.00018519	 0.00240741	-0.03485941	-0.01116175
 4.45166349	 0.00018519	 0.00277778	-0.03483522	-0.01105896
 4.45673990	 0.00018519	 0.00277778	-0.03482313	-0.01100756
 4.46181583	 0.00018519	 0.00277778	-0.03481103	-0.01095616
 4.46689177	 0.00018519	 0.00277778	-0.03479894	-0.01090476
 4.47196770	 0.00018519	 0.00277778	-0.03478685	-0.01085336
 4.47704363	 0.00018519	 0.00277778	-0.03477475	-0.01080197
 4.48211956	 0.00018519	 0.00277778	-0.03476266	-0.01075057
 4.48719597	 0.00018519	 0.00277778	-0.03475056	-0.01069917
 4.49227190	 0.00018519	 0.00277778	-0.03473847	-0.01064777
 4.49734783	 0.00018519	 0.00277778	-0.03472638	-0.01059637
 4.50242376	 0.00018519	 0.00277778	-0.03471428	-0.01054497
 4.50749969	 0.00018519	 0.00240741	-0.03470219	-0.01049358
 4.51257563	 0.00018519	 0.00240741	-0.03469010	-0.01044218
 4.51765203	 0.00018519	 0.00240741	-0.03467800	-0.01039078
 4.52272797	 0.00018519	 0.00240741	-0.03466591	-0.01033938
 4.52780390	-0.00018519	 0.00240741	-0.03465382	-0.01028798
 4.53287983	-0.00018519	 0.00240741	-0.03464172	-0.01023658
 4.53795576	-0.00018519	 0.00240741	-0.03462963	-0.01018519
 4.54303169	-0.00055556	 0.00203704	-0.03461753	-0.01013379
 4.54810810	-0.00055556	 0.00203704	-0.03460544	-0.01008239
 4.55318403	-0.00055556	 0.00203704	-0.03459335	-0.01003099
 4.55825996	-0.00055556	 0.00203704	-0.03458125	-0.00997959
 4.56333590	-0.00055556	 0.00203704	-0.03456916	-0.00992819
 4.56841183	-0.00055556	 0.00203704	-0.03455707	-0.00987680
 4.57348824	-0.00055556	 0.00203704	-0.03454497	-0.00982539
 4.57856417	-0.00055556	 0.00203704	-0.03453288	-0.00977400
 4.58364010	-0.00055556	 0.00203704	-0.03452078	-0.00972260
 4.58871603	-0.00092593	 0.00240741	-0.03450869	-0.00967120
 4.59379196	-0.00092593	 0.00240741	-0.03449660	-0.00961980
 4.59886789	-0.00092593	 0.00203704	-0.03448450	-0.00956841
 4.60394430	-0.00092593	 0.00203704	-0.03447241	-0.00951700
 4.60902023	-0.00092593	 0.00203704	-0.03446032	-0.00946561
 4.61409616	-0.00129630	 0.00203704	-0.03444822	-0.00941421
 4.61917210	-0.00129630	 0.00203704	-0.03443613	-0.00936281
 4.62424803	-0.00129630	 0.00203704	-0.03442403	-0.00931141
 4.62932396	-0.00129630	 0.00203704	-0.03441194	-0.00926002
 4.63440037	-0.00129630	 0.00203704	-0.03439985	-0.00920861
 4.63947630	-0.00129630	 0.00203704	-0.03438775	-0.00915722
 4.64455223	-0.00129630	 0.00240741	-0.03437566	-0.00910582
 4.64962816	-0.00129630	 0.00203704	-0.03436357	-0.00905442
 4.65470409	-0.00129630	 0.00240741	-0.03435147	-0.00900302
 4.65978003	-0.00129630	 0.00240741	-0.03433938	-0.00895163
 4.67500830	-0.00129630	 0.00240741	-0.03430310	-0.00879743
 4.68008423	-0.00129630	 0.00240741	-0.03429100	-0.00874603
 4.68516016	-0.00129630	 0.00277778	-0.03427891	-0.00869463
 4.69023609	-0.00129630	 0.00240741	-0.03426682	-0.00864324
 4.69531250	-0.00129630	 0.00240741	-0.03425472	-0.00859183
 4.71561623	-0.00129630	 0.00203704	-0.03420635	-0.00838624
 4.72069263	-0.00129630	 0.00240741	-0.03419425	-0.00833484
 4.72576857	-0.00129630	 0.00203704	-0.03418216	-0.00828344
 4.73592043	-0.00129630	 0.00166667	-0.03415797	-0.00818065
 4.74099636	-0.00129630	 0.00129630	-0.03414588	-0.00812925
 4.74607229	-0.00129630	 0.00092593	-0.03413379	-0.00807785
 4.75114870	-0.00129630	 0.00092593	-0.03412169	-0.00802645
 4.75622463	-0.00129630	 0.00055556	-0.03410960	-0.00797505
 4.76130056	-0.00129630	 0.00055556	-0.03409750	-0.00792366
 4.76637650	-0.00129630	 0.00018519	-0.03408541	-0.00787226
 4.77145243	-0.00129630	 0.00018519	-0.03407332	-0.00782086
 4.77652836	-0.00129630	-0.00018519	-0.03406122	-0.00776946
 4.78160477	-0.00129630	-0.00018519	-0.03404913	-0.00771806
 4.78668070	-0.00129630	-0.00018519	-0.03403704	-0.00766666
 4.79175663	-0.00129630	-0.00055556	-0.03402494	-0.00761527
 4.79683256	-0.00129630	-0.00092593	-0.03401285	-0.00756387
 4.80190849	-0.00129630	-0.00055556	-0.03400075	-0.00751247
 4.80698442	-0.00129630	-0.00092593	-0.03398866	-0.00746107
 4.81206083	-0.00129630	-0.00055556	-0.03397657	-0.00740967
 4.82221270	-0.00129630	-0.00129630	-0.03395238	-0.00730688
 4.82728863	-0.00129630	-0.00129630	-0.03394029	-0.00725548
 4.83236456	-0.00129630	-0.00129630	-0.03392819	-0.00720408
 4.83744049	-0.00129630	-0.00129630	-0.03391610	-0.00715268
 4.84251690	-0.00129630	-0.00129630	-0.03390400	-0.00710128
 4.84759283	-0.00129630	-0.00129630	-0.03389191	-0.00704988
 4.85266876	-0.00129630	-0.00129630	-0.03387982	-0.00699849
 4.85774469	-0.00129630	-0.00129630	-0.03386772	-0.00694709
 4.86282063	-0.00129630	-0.00166667	-0.03385563	-0.00689569
 4.86789656	-0.00129630	-0.00166667	-0.03384354	-0.00684429
 4.87297297	-0.00129630	-0.00166667	-0.03383144	-0.00679289
 4.87804890	-0.00129630	-0.00166667	-0.03381935	-0.00674149
 4.88312483	-0.00129630	-0.00166667	-0.03380725	-0.00669010
 4.88820076	-0.00129630	-0.00166667	-0.03379516	-0.00663870
 4.89835310	-0.00129630	-0.00166667	-0.03377097	-0.00653590
 4.90850496	-0.00092593	-0.00166667	-0.03374679	-0.00643310
 4.91358089	-0.00092593	-0.00129630	-0.03373469	-0.00638171
 4.92373276	-0.00092593	-0.00166667	-0.03371051	-0.00627891
 4.93388510	-0.00055556	-0.00129630	-0.03368632	-0.00617611
 4.93896103	-0.00055556	-0.00129630	-0.03367422	-0.00612471
 4.94403696	-0.00055556	-0.00129630	-0.03366213	-0.00607332
 4.94911289	-0.00055556	-0.00129630	-0.03365004	-0.00602192
 4.95418882	-0.00055556	-0.00129630	-0.03363794	-0.00597052
 4.95926523	-0.00055556	-0.00129630	-0.03362585	-0.00591912
 4.96434116	-0.00018519	-0.00129630	-0.03361375	-0.00586772
 4.96941710	-0.00018519	-0.00129630	-0.03360166	-0.00581633
 4.97449303	-0.00018519	-0.00129630	-0.03358957	-0.00576493
 4.97956896	-0.00018519	-0.00129630	-0.03357747	-0.00571353
 4.98464489	-0.00018519	-0.00129630	-0.03356538	-0.00566213
 4.99479723	 0.00018519	-0.00129630	-0.03354119	-0.00555933
 4.99987316	 0.00018519	-0.00129630	-0.03352910	-0.00550794
 5.00494909	 0.00018519	-0.00166667	-0.03351701	-0.00545654
 5.01002502	 0.00018519	-0.00166667	-0.03350491	-0.00540514
 5.01510096	 0.00018519	-0.00166667	-0.03349282	-0.00535374
 5.02017736	 0.00018519	-0.00166667	-0.03348072	-0.00530234
 5.02525330	 0.00018519	-0.00166667	-0.03346863	-0.00525094
 5.03032923	 0.00018519	-0.00166667	-0.03345654	-0.00519955
 5.03540516	 0.00018519	-0.00166667	-0.03344444	-0.00514815
 5.04048109	 0.00018519	-0.00129630	-0.03343235	-0.00509675
 5.04555702	 0.00018519	-0.00129630	-0.03342026	-0.00504535
 5.06078529	 0.00018519	-0.00129630	-0.03338397	-0.00489116
 5.06586123	 0.00018519	-0.00129630	-0.03337188	-0.00483976
 5.07093716	 0.00018519	-0.00129630	-0.03335979	-0.00478836
 5.08108950	 0.00018519	-0.00129630	-0.03333560	-0.00468556
 5.08616543	 0.00018519	-0.00129630	-0.03332351	-0.00463416
 5.09124136	 0.00018519	-0.00129630	-0.03331141	-0.00458277
 5.09631729	 0.00018519	-0.00129630	-0.03329932	-0.00453137
 5.10139322	 0.00018519	-0.00129630	-0.03328723	-0.00447997
 5.10646963	 0.00018519	-0.00129630	-0.03327513	-0.00442857
 5.12169743	 0.00018519	-0.00092593	-0.03323885	-0.00427438
 5.21306562	 0.00018519	 0.00092593	-0.03302116	-0.00334921
 5.21814156	 0.00018519	 0.00129630	-0.03300907	-0.00329781
 5.22321749	 0.00018519	 0.00129630	-0.03299698	-0.00324641
 5.22829390	 0.00018519	 0.00129630	-0.03298488	-0.00319501
 5.23336983	 0.00018519	 0.00166667	-0.03297279	-0.00314361
 5.23844576	 0.00018519	 0.00166667	-0.03296069	-0.00309221
 5.24352169	 0.00018519	 0.00166667	-0.03294860	-0.00304082
 5.24859762	 0.00018519	 0.00166667	-0.03293651	-0.00298942
 5.25367403	 0.00018519	 0.00129630	-0.03292441	-0.00293802
 5.27905369	-0.00018519	 0.00203704	-0.03286394	-0.00268103
 5.28413010	-0.00018519	 0.00203704	-0.03285185	-0.00262963
 5.28920603	-0.00055556	 0.00203704	-0.03283976	-0.00257823
 5.29428196	-0.00055556	 0.00203704	-0.03282766	-0.00252683
 5.29935789	-0.00055556	 0.00203704	-0.03281557	-0.00247543
 5.30443382	-0.00055556	 0.00203704	-0.03280348	-0.00242404
 5.30950975	-0.00055556	 0.00203704	-0.03279138	-0.00237264
 5.31458616	-0.00055556	 0.00203704	-0.03277929	-0.00232124
 5.31966209	-0.00055556	 0.00203704	-0.03276719	-0.00226984
 5.32473803	-0.00055556	 0.00203704	-0.03275510	-0.00221844
 5.32981396	-0.00055556	 0.00166667	-0.03274301	-0.00216704
 5.33488989	-0.00092593	 0.00166667	-0.03273091	-0.00211565
 5.35011816	-0.00092593	 0.00166667	-0.03269463	-0.00196145
 5.35519409	-0.00092593	 0.00129630	-0.03268254	-0.00191005
 5.36534595	-0.00092593	 0.00129630	-0.03265835	-0.00180726
 5.37042189	-0.00092593	 0.00129630	-0.03264626	-0.00175586
 5.37549829	-0.00092593	 0.00129630	-0.03263416	-0.00170446
 5.38057423	-0.00092593	 0.00129630	-0.03262207	-0.00165306
 5.38565016	-0.00092593	 0.00092593	-0.03260998	-0.00160166
 5.39072609	-0.00092593	 0.00092593	-0.03259788	-0.00155026
 5.40595436	-0.00129630	 0.00092593	-0.03256160	-0.00139607
 5.41103029	-0.00129630	 0.00092593	-0.03254951	-0.00134467
 5.41610622	-0.00129630	 0.00092593	-0.03253741	-0.00129327
 5.42625809	-0.00129630	 0.00092593	-0.03251323	-0.00119048
 5.43133450	-0.00129630	 0.00092593	-0.03250113	-0.00113907
 5.48209429	-0.00129630	 0.00055556	-0.03238020	-0.00062509
 5.49732256	-0.00129630	 0.00055556	-0.03234391	-0.00047090
 5.50239849	-0.00129630	 0.00018519	-0.03233182	-0.00041950
 5.51255035	-0.00129630	 0.00018519	-0.03230763	-0.00031670
 5.51762629	-0.00129630	-0.00018519	-0.03229554	-0.00026531
 5.52270269	-0.00129630	 0.00018519	-0.03228345	-0.00021390
 5.55315876	-0.00092593	-0.00055556	-0.03221088	 0.00009449
 5.56331062	-0.00092593	-0.00055556	-0.03218670	 0.00019728
 5.56838655	-0.00092593	-0.00055556	-0.03217460	 0.00024868
 5.59884262	-0.00092593	-0.00055556	-0.03210204	 0.00055707
 5.60391855	-0.00055556	-0.00055556	-0.03208995	 0.00060847
 5.60899496	-0.00055556	-0.00092593	-0.03207785	 0.00065987
 5.61914682	-0.00055556	-0.00092593	-0.03205366	 0.00076266
 5.62422276	-0.00055556	-0.00129630	-0.03204157	 0.00081406
 5.62929869	-0.00055556	-0.00092593	-0.03202948	 0.00086546
 5.63437462	-0.00055556	-0.00129630	-0.03201738	 0.00091686
 5.63945103	-0.00055556	-0.00129630	-0.03200529	 0.00096826
 5.64452696	-0.00055556	-0.00129630	-0.03199320	 0.00101966
 5.65467882	-0.00018519	-0.00129630	-0.03196901	 0.00112245
 5.65975475	-0.00018519	-0.00129630	-0.03195692	 0.00117385
 5.66990709	 0.00018519	-0.00129630	-0.03193273	 0.00127665
 5.67498302	 0.00018519	-0.00129630	-0.03192063	 0.00132805
 5.68005896	 0.00018519	-0.00129630	-0.03190854	 0.00137944
 5.68513489	 0.00018519	-0.00129630	-0.03189645	 0.00143084
 5.69021082	 0.00018519	-0.00129630	-0.03188435	 0.00148224
 5.69528675	 0.00018519	-0.00092593	-0.03187226	 0.00153364
 5.70036316	 0.00018519	-0.00092593	-0.03186016	 0.00158504
 5.70543909	 0.00018519	-0.00092593	-0.03184807	 0.00163644
 5.78157902	 0.00043771	 0.00033669	-0.03166667	 0.00240741
 5.78665543	 0.00045455	 0.00042088	-0.02240741	 0.00462963
 5.81711149	 0.00055556	 0.00092593	-0.02253086	 0.00376543
 5.82218742	 0.00055556	 0.00092593	-0.02255144	 0.00362140
 5.83233929	 0.00055556	 0.00092593	-0.02259259	 0.00333334
 5.83741522	 0.00055556	 0.00129630	-0.02261317	 0.00318931
 5.84249115	 0.00055556	 0.00129630	-0.02263374	 0.00304528
 5.84756756	 0.00055556	 0.00129630	-0.02265432	 0.00290123
 5.85264349	 0.00055556	 0.00129630	-0.02267490	 0.00275720
 5.86787128	 0.00018519	 0.00166667	-0.02273662	 0.00232511
 5.87294722	 0.00018519	 0.00166667	-0.02275720	 0.00218108
 5.87802362	 0.00018519	 0.00166667	-0.02277778	 0.00203704
 5.88309956	 0.00018519	 0.00166667	-0.02279835	 0.00189301
 5.88817549	 0.00018519	 0.00166667	-0.02281893	 0.00174898
 5.89832735	 0.00018519	 0.00203704	-0.02286008	 0.00146091
 5.91355562	-0.00018519	 0.00166667	-0.02292181	 0.00102881
 5.91863155	-0.00018519	 0.00166667	-0.02294239	 0.00088478
 5.92370749	-0.00018519	 0.00166667	-0.02296296	 0.00074075
 5.92878342	-0.00018519	 0.00203704	-0.02298354	 0.00059672
 5.93385935	-0.00018519	 0.00203704	-0.02300411	 0.00045269
 5.93893576	-0.00055556	 0.00203704	-0.02302469	 0.00030864
 5.94401169	-0.00055556	 0.00203704	-0.02304527	 0.00016461
 5.94908762	-0.00055556	 0.00203704	-0.02306584	 0.00002058
 5.95923948	-0.00055556	 0.00166667	-0.02310699	-0.00026748
 5.96431589	-0.00055556	 0.00203704	-0.02312757	-0.00041152
 5.96939182	-0.00055556	 0.00203704	-0.02314815	-0.00055556
 5.97446775	-0.00055556	 0.00240741	-0.02316872	-0.00069959
 5.98969555	-0.00092593	 0.00166667	-0.02323045	-0.00113168
 5.99477196	-0.00092593	 0.00203704	-0.02325103	-0.00127572
 5.99984789	-0.00092593	 0.00203704	-0.02327160	-0.00141975
 6.00492382	-0.00092593	 0.00203704	-0.02329218	-0.00156378
 6.02015162	-0.00129630	 0.00166667	-0.02335391	-0.00199588
 6.02522802	-0.00129630	 0.00166667	-0.02337449	-0.00213992
 6.03030396	-0.00129630	 0.00166667	-0.02339506	-0.00228395
 6.03537989	-0.00129630	 0.00166667	-0.02341564	-0.00242798
 6.04045582	-0.00129630	 0.00166667	-0.02343621	-0.00257201
 6.04553175	-0.00129630	 0.00166667	-0.02345679	-0.00271604
 6.05060768	-0.00129630	 0.00129630	-0.02347736	-0.00286007
 6.06583595	-0.00129630	 0.00092593	-0.02353909	-0.00329218
 6.07091188	-0.00129630	 0.00092593	-0.02355967	-0.00343621
 6.07598782	-0.00129630	 0.00092593	-0.02358025	-0.00358024
 6.12167215	-0.00129630	 0.00018519	-0.02376543	-0.00487654
 6.14705229	-0.00129630	-0.00018519	-0.02386831	-0.00559671
 6.15212822	-0.00129630	-0.00018519	-0.02388889	-0.00574074
 6.15720415	-0.00129630	 0.00018519	-0.02277778	-0.01055556
 6.16228008	-0.00129630	-0.00018519	-0.02351852	-0.01203704
 6.16735601	-0.00129630	-0.00055556	-0.02462963	-0.01351852
 6.17243242	-0.00129630	-0.00055556	-0.02685185	-0.01203704
 6.17750835	-0.00129630	-0.00055556	-0.02944444	-0.00796296
 6.18258429	-0.00129630	-0.00055556	-0.02944444	-0.00425926
 6.18766022	-0.00117284	-0.00067901	-0.02944444	-0.00166667
 6.19781208	-0.00092593	-0.00092593	-0.03648148	 0.01981482
 6.20796442	-0.00092593	-0.00129630	-0.01351816	-0.00018550
 6.21304035	-0.00092593	-0.00092593	-0.00203704	-0.01018518
 6.21811628	-0.00055556	-0.00092593	 0.01055556	-0.02388889
 6.22319221	-0.00055556	-0.00092593	 0.01294234	-0.02376544
 6.22826815	-0.00055556	-0.00092593	 0.01532912	-0.02364198
 6.23334455	-0.00055556	-0.00092593	 0.01771612	-0.02351851
 6.23842049	-0.00055556	-0.00129630	 0.02010290	-0.02339506
 6.24349642	-0.00055556	-0.00129630	 0.02248969	-0.02327161
 6.24857235	-0.00055556	-0.00092593	 0.02487647	-0.02314815
 6.25364828	-0.00055556	-0.00092593	 0.02726325	-0.02302470
 6.25872421	-0.00018519	-0.00092593	 0.02965003	-0.02290124
 6.26380062	-0.00018519	-0.00092593	 0.03203703	-0.02277778
 6.26887655	-0.00009259	-0.00092593	 0.02833333	-0.01907407
 6.27902842	 0.00009259	-0.00092593	-0.01981481	 0.01648148
 6.28410435	 0.00018519	-0.00092593	-0.02187828	 0.01632275
 6.28918028	 0.00018519	-0.00055556	-0.02394174	 0.01616403
 6.29425669	 0.00018519	-0.00055556	-0.02600540	 0.01600528
 6.29933262	 0.00018519	-0.00055556	-0.02806887	 0.01584655
 6.30440855	 0.00018519	-0.00055556	-0.03013233	 0.01568783
 6.30948448	 0.00018519	-0.00055556	-0.03219580	 0.01552910
 6.31456041	 0.00018519	-0.00055556	-0.03425926	 0.01537037
 6.31963682	 0.00018519	-0.00018519	-0.03648148	 0.01611111
 6.32471275	 0.00018519	-0.00018519	-0.03685185	 0.01648148
 6.32978868	 0.00018519	-0.00018519	-0.03574074	 0.01907407
 6.33486462	 0.00018519	-0.00007937	-0.03277778	 0.01722222
 6.33994055	 0.00018519	 0.00002645	-0.03388889	 0.01944445
 6.34501648	 0.00018519	 0.00013227	-0.01759259	 0.00759259
 6.35009289	 0.00018519	 0.00023810	-0.03055555	 0.01944445
 6.35516882	 0.00018519	 0.00034392	-0.02981481	 0.01870370
 6.36024475	 0.00018519	 0.00044974	-0.00425926	-0.00314815
 6.36532068	 0.00018519	 0.00055556	-0.02759259	 0.01240741
 6.37039661	 0.00018519	 0.00061728	-0.02537037	 0.00648148
 6.37547255	 0.00018519	 0.00067901	-0.02314815	 0.00018519
 6.38054895	 0.00018519	 0.00074074	 0.00166667	-0.02018519
 6.38562489	 0.00018519	 0.00080247	-0.01907407	-0.01203704
 6.39070082	 0.00018519	 0.00086420	-0.01537037	-0.01981482
 6.39577675	 0.00018519	 0.00092593	-0.01129630	-0.02425926
 6.40085268	 0.00018519	 0.00129630	-0.01351852	-0.02314815
 6.40592861	 0.00018519	 0.00129630	-0.01759259	-0.02240741
 6.41100502	 0.00018519	 0.00166667	-0.02092592	-0.01944445
 6.41608095	 0.00018519	 0.00166667	-0.02277778	-0.01574074
 6.42115688	 0.00018519	 0.00166667	-0.02314815	-0.01166667
 6.42623281	 0.00018519	 0.00179012	-0.02203704	-0.00685185
 6.43130875	 0.00018519	 0.00191358	-0.01722222	-0.00500000
 6.43638468	 0.00018519	 0.00203704	-0.01166693	-0.00240753
 6.44146109	 0.00018519	 0.00203704	-0.00611111	 0.00018519
 6.44653702	-0.00018519	 0.00203704	 0.00055556	 0.00537037
 6.45161295	 0.00018519	 0.00203704	 0.00537037	 0.01055556
 6.45668888	-0.00018519	 0.00240741	 0.01055556	 0.01425926
 6.46176481	-0.00055556	 0.00240741	 0.01462963	 0.01796296
 6.46684074	-0.00018519	 0.00240741	 0.01870370	 0.02055556
 6.47191715	-0.00055556	 0.00240741	 0.02166667	 0.02055556
 6.47699308	-0.00055556	 0.00240741	 0.02500000	 0.01833333
 6.48206902	-0.00055556	 0.00240741	 0.02648148	 0.01425926
 6.48714495	-0.00055556	 0.00277778	 0.03203703	 0.00500000
 6.49222088	-0.00055556	 0.00277778	 0.02648148	 0.00537037
 6.49729729	-0.00055556	 0.00314815	 0.02092592	 0.00240741
 6.50237322	-0.00092593	 0.00314815	 0.01574074	 0.00018519
 6.50744915	-0.00092593	 0.00314815	 0.00981481	-0.00166667
 6.51252508	-0.00111111	 0.00333333	 0.00314815	-0.00314815
 6.51760101	-0.00129630	 0.00351852	-0.00314815	-0.00462963
 6.52267694	-0.00129630	 0.00351852	-0.00870370	-0.00611111
 6.52775335	-0.00129630	 0.00388889	-0.01388889	-0.00722222
 6.53282928	-0.00129630	 0.00388889	-0.01944444	-0.00685185
 6.53790522	-0.00141975	 0.00401235	-0.02314815	-0.00685185
 6.54298115	-0.00154321	 0.00413580	-0.02759259	-0.00685185
 6.54805708	-0.00166667	 0.00425926	-0.03055555	-0.00648148
 6.55313301	-0.00203704	 0.00425926	-0.03240741	-0.00648148
 6.55820942	-0.00203704	 0.00425926	-0.03388889	-0.00648148
 6.56328535	-0.00203704	 0.00462963	-0.03500000	-0.00648148
 6.56836128	-0.00203704	 0.00462963	-0.03537037	-0.00722222
 6.57343721	-0.00240741	 0.00462963	-0.03537037	-0.00796296
 6.57851315	-0.00240741	 0.00500000	-0.03462963	-0.01018518
 6.58358908	-0.00240741	 0.00500000	-0.03500000	-0.01166667
 6.58866549	-0.00277778	 0.00537037	-0.03425926	-0.01351852
 6.59374142	-0.00277778	 0.00537037	-0.03425926	-0.01500000
 6.59881735	-0.00277778	 0.00574074	-0.02907407	-0.02129630
 6.60389328	-0.00277778	 0.00574074	-0.03462963	-0.01833333
 6.60896921	-0.00314815	 0.00574074	-0.03351852	-0.02055556
 6.61404514	-0.00333332	 0.00592592	-0.03425926	-0.02203704
 6.61912155	-0.00351852	 0.00611111	-0.03500000	-0.02240741
 6.62419748	-0.00351852	 0.00648148	-0.03500000	-0.02240741
 6.62927341	-0.00388889	 0.00648148	-0.03648148	-0.02129630
 6.63434935	-0.00388889	 0.00685185	-0.03722222	-0.02018519
 6.63942528	-0.00388889	 0.00722222	-0.03129657	-0.02203695
 6.64450169	-0.00425926	 0.00722222	-0.02537037	-0.02388889
 6.64957762	-0.00425926	 0.00759259	-0.02833333	-0.02129630
 6.65465355	-0.00425926	 0.00796296	-0.02899470	-0.02148148
 6.65972948	-0.00462963	 0.00796296	-0.02965607	-0.02166666
 6.66480541	-0.00462963	 0.00833333	-0.03031743	-0.02185184
 6.66988134	-0.00500000	 0.00870370	-0.03097880	-0.02203703
 6.67495775	-0.00500000	 0.00870370	-0.03164023	-0.02222223
 6.68003368	-0.00537037	 0.00907407	-0.03230159	-0.02240741
 6.69526148	-0.00574074	 0.01018518	-0.03428569	-0.02296296
 6.70541382	-0.00611111	 0.01092593	-0.03560849	-0.02333334
 6.71048975	-0.00648148	 0.01129630	-0.03626986	-0.02351852
 6.71556568	-0.00648148	 0.01166667	-0.03693122	-0.02370371
 6.72064161	-0.00666667	 0.01222222	-0.03759259	-0.02388889
 6.72571754	-0.00685185	 0.01277778	-0.03500000	-0.02462963
 6.73079348	-0.00722222	 0.01314815	-0.03055555	-0.02537037
 6.73586988	-0.00722222	 0.01351852	-0.02685185	-0.02574074
 6.74094582	-0.00759259	 0.01425926	-0.02277778	-0.02574074
 6.75109768	-0.00796296	 0.01537037	-0.01759259	-0.02537037
 6.75617361	-0.00796296	 0.01611111	-0.01685185	-0.02425926
 6.76124954	-0.00870370	 0.01685185	-0.01500000	-0.02351852
 6.76632595	-0.00870370	 0.01759263	-0.01648148	-0.02203704
 6.77140188	-0.00870370	 0.01833333	-0.01796296	-0.01648148
 6.77647781	-0.00907407	 0.01925926	-0.02092592	-0.01240741
 6.78155375	-0.00944444	 0.02018519	-0.02314815	-0.01055556
 6.78662968	-0.00944444	 0.02018519	-0.02537037	-0.00870370
 6.79170561	-0.00981480	 0.02148142	-0.02685185	-0.00611111
 6.79678202	-0.01018518	 0.02277778	-0.02870370	-0.00462963
 6.80185795	-0.01018518	 0.02407407	-0.03055555	-0.00314815
 6.80693388	-0.01018518	 0.02537037	-0.03240741	-0.00314815
 6.81200981	-0.00982696	 0.02552823	-0.03351852	-0.00314815
 6.81708574	-0.00946874	 0.02568609	-0.03425926	-0.00351852
 6.82216215	-0.00911049	 0.02584397	-0.03277778	-0.00537037
 6.82723808	-0.00875227	 0.02600183	-0.03129629	-0.00685185
 6.83231401	-0.00839404	 0.02615969	-0.03351852	-0.00796296
 6.83738995	-0.00803582	 0.02631755	-0.03388889	-0.00870370
 6.84246588	-0.00767760	 0.02647541	-0.03018518	-0.01092593
 6.84754181	-0.00731938	 0.02663327	-0.02944444	-0.01203704
 6.85261822	-0.00696112	 0.02679114	-0.03055555	-0.01388889
 6.85769415	-0.00660290	 0.02694900	-0.03129629	-0.01500000
 6.86277008	-0.00624468	 0.02710686	-0.03425926	-0.01574074
 6.86784601	-0.00588646	 0.02726472	-0.03574074	-0.01574074
 6.87292194	-0.00552824	 0.02742258	-0.03722222	-0.01722222
 6.87799788	-0.00517002	 0.02758045	-0.03129629	-0.02351852
 6.88307428	-0.00481176	 0.02773832	-0.03166667	-0.02537037
 7.11657047	 0.01166667	 0.03500000	-0.03373545	-0.02305821
 7.19271088	 0.00462963	 0.01796296	-0.03441005	-0.02230423
 7.29930735	 0.00166667	 0.00796296	-0.03535450	-0.02124868
 7.30438328	 0.00129630	 0.00796296	-0.03539947	-0.02119841
 7.30945921	 0.00092593	 0.00796296	-0.03544444	-0.02114815
 7.31453514	 0.00018519	 0.00796296	-0.03548941	-0.02109789
 7.32976341	-0.00055556	 0.00722222	-0.03562434	-0.02094709
 7.33483934	-0.00055556	 0.00685185	-0.03566931	-0.02089683
 7.33991528	-0.00055556	 0.00685185	-0.03571428	-0.02084656
 7.34499121	-0.00092593	 0.00648148	-0.03575926	-0.02079630
 7.35006714	-0.00092593	 0.00611111	-0.03580423	-0.02074603
 7.35514355	-0.00092593	 0.00611111	-0.03584921	-0.02069577
 7.36021948	-0.00092593	 0.00611111	-0.03589418	-0.02064550
 7.37037134	-0.00055556	 0.00611111	-0.03598412	-0.02054498
 7.37544727	-0.00055556	 0.00611111	-0.03602910	-0.02049471
 7.38052320	-0.00055556	 0.00611111	-0.03607407	-0.02044445
 7.38559961	-0.00055556	 0.00648148	-0.03611905	-0.02039418
 7.39067554	-0.00055556	 0.00648148	-0.03616402	-0.02034392
 7.40590334	-0.00055556	 0.00611111	-0.03629894	-0.02019312
 7.41097927	-0.00055556	 0.00611111	-0.03634391	-0.02014286
 7.41605568	-0.00055556	 0.00611111	-0.03638889	-0.02009259
 7.42113161	-0.00055556	 0.00574074	-0.03643386	-0.02004233
 7.42620754	-0.00055556	 0.00574074	-0.03647883	-0.01999206
 7.43128347	-0.00055556	 0.00574074	-0.03652381	-0.01994180
 7.43635941	-0.00018519	 0.00574074	-0.03656878	-0.01989154
 7.44143534	 0.00018519	 0.00537037	-0.03661375	-0.01984127
 7.44651175	 0.00018519	 0.00537037	-0.03665873	-0.01979100
 7.45158768	 0.00018519	 0.00500000	-0.03670370	-0.01974074
 7.45666361	 0.00018519	 0.00500000	-0.03674867	-0.01969048
 7.46173954	 0.00018519	 0.00500000	-0.03679365	-0.01964021
 7.47189140	 0.00018519	 0.00537037	-0.03688359	-0.01953969
 7.47696781	 0.00018519	 0.00574074	-0.03692857	-0.01948942
 7.48204374	 0.00018519	 0.00611111	-0.03697354	-0.01943915
 7.48711967	 0.00018519	 0.00611111	-0.03701852	-0.01938889
 7.49219561	 0.00018519	 0.00611111	-0.03706349	-0.01933863
 7.49727154	 0.00018519	 0.00611111	-0.03710846	-0.01928836
 7.50234747	 0.00018519	 0.00611111	-0.03715343	-0.01923810
 7.50742388	-0.00018519	 0.00611111	-0.03719841	-0.01918783
 7.51249981	-0.00018519	 0.00611111	-0.03724338	-0.01913757
 7.51757574	-0.00018519	 0.00611111	-0.03728836	-0.01908730
 7.52265167	-0.00018519	 0.00611111	-0.03733333	-0.01903704
 7.52772760	-0.00055556	 0.00611111	-0.03737830	-0.01898678
 7.53280401	-0.00055556	 0.00648148	-0.03742328	-0.01893651
 7.53787994	-0.00055556	 0.00648148	-0.03746825	-0.01888624
 7.54295588	-0.00055556	 0.00611111	-0.03751323	-0.01883598
 7.55310774	-0.00055556	 0.00648148	-0.03760317	-0.01873545
 7.59371614	-0.00166667	 0.00796296	-0.03796296	-0.01833333
 7.59879208	-0.00154321	 0.00858025	-0.03611111	-0.01944445
 7.60386801	-0.00141975	 0.00919753	-0.03351852	-0.02092593
 7.60894394	-0.00129630	 0.00981481	-0.03685185	-0.01240741
 7.61401987	-0.00104939	 0.00981481	-0.03500000	-0.01240741
 7.61909580	-0.00080248	 0.00981481	-0.03018518	-0.01351852
 7.62417221	-0.00055554	 0.00981481	-0.02722222	-0.01129630
 7.62924814	-0.00030863	 0.00981481	-0.03129629	-0.00870370
 7.63432407	-0.00006172	 0.00981481	-0.02722222	-0.00981481
 7.63940001	 0.00018519	 0.00981481	-0.02351852	-0.01055556
 7.64447594	-0.00018519	 0.00981481	-0.02203704	-0.00981481
 7.64955187	-0.00018519	 0.00981481	-0.01981481	-0.00907407
 7.65462828	-0.00055556	 0.00981481	-0.01981481	-0.00648148
 7.65970421	-0.00055556	 0.00981481	-0.01833333	-0.00500000
 7.66478014	-0.00074074	 0.01000000	-0.01611111	-0.00500000
 7.66985607	-0.00092593	 0.01018518	-0.01537037	-0.00500000
 7.67493200	-0.00129630	 0.01018518	-0.01388889	-0.00611111
 7.68000793	-0.00150793	 0.01034391	-0.01203704	-0.00685185
 7.68508434	-0.00171959	 0.01050265	-0.00833333	-0.00796296
 7.69016027	-0.00193122	 0.01066138	-0.00574074	-0.00981481
 7.69523621	-0.00214285	 0.01082010	-0.00351852	-0.01092593
 7.70031214	-0.00235449	 0.01097883	-0.00314815	-0.01166667
 7.70538807	-0.00256612	 0.01113756	-0.00166667	-0.01277778
 7.71046448	-0.00277778	 0.01129630	-0.00351852	-0.01129630
 7.71554041	-0.00277778	 0.01129630	-0.00092593	-0.01203704
 7.72061634	-0.00351852	 0.01166667	 0.00314815	-0.01611111
 7.72569227	-0.00351852	 0.01203704	 0.00462963	-0.01685185
 7.73076820	-0.00388889	 0.01240741	 0.00462963	-0.01611111
 7.73584414	-0.00388889	 0.01277778	 0.00500000	-0.01462963
 7.74092054	-0.00407408	 0.01333336	 0.00500000	-0.01462963
 7.74599648	-0.00425926	 0.01388889	 0.00462963	-0.01388889
 7.75107241	-0.00500000	 0.01388889	 0.00500000	-0.01351852
 7.75614834	-0.00500000	 0.01462963	 0.00759259	-0.01462963
 7.76122427	-0.00500000	 0.01537037	 0.01129630	-0.01685185
 7.76630020	-0.00518518	 0.01537037	 0.01500000	-0.01833333
 7.77137661	-0.00537037	 0.01537037	 0.01685185	-0.01870370
 7.77645254	-0.00549383	 0.01586420	 0.01870370	-0.01759259
 7.78152847	-0.00561728	 0.01635802	 0.01944444	-0.01648148
 7.78660440	-0.00574074	 0.01685185	 0.02055555	-0.01611111
 7.79168034	-0.00574074	 0.01759259	 0.02203704	-0.01500000
 7.79675627	-0.00592592	 0.01796294	 0.02351852	-0.01388889
 7.80183268	-0.00611111	 0.01833333	 0.02722222	-0.01425926
 7.80690861	-0.00648148	 0.01870370	 0.02537037	-0.01018518
 7.81198454	-0.00648148	 0.01907407	 0.02648148	-0.00796296
 7.81706047	-0.00685185	 0.01981482	 0.02685185	-0.00537037
 7.82213640	-0.00707407	 0.02025925	 0.02907407	-0.00351852
 7.82721233	-0.00729629	 0.02070369	 0.03092592	-0.00166667
 7.83228874	-0.00751853	 0.02114816	 0.03166667	 0.00092593
 7.83736467	-0.00774074	 0.02159260	 0.03314815	 0.00240741
 7.84244061	-0.00796296	 0.02203704	 0.03462963	 0.00351852
 7.84751654	-0.00796296	 0.02240741	 0.03460826	 0.00331197
 7.86782074	-0.00870370	 0.02351852	 0.03452279	 0.00248575
 7.89320087	-0.00944444	 0.02685185	 0.03441595	 0.00145298
 7.90335274	-0.00907407	 0.02759259	 0.03437322	 0.00103988
 7.91350460	-0.00944444	 0.02833333	 0.03433048	 0.00062678
 7.92365694	-0.00907407	 0.02981482	 0.03428775	 0.00021366
 7.92873287	-0.00870370	 0.03129630	 0.03426638	 0.00000712
 7.98964500	-0.00240741	 0.03574074	 0.03400997	-0.00247152
 7.99472094	-0.00166667	 0.03388889	 0.03398860	-0.00267807
 8.00487328	-0.00055556	 0.02981482	 0.03394586	-0.00309119
 8.03025341	 0.00314815	 0.03351852	 0.03383903	-0.00412396
 8.03532887	 0.00314815	 0.03240741	 0.03381766	-0.00433049
 8.04040527	 0.00314815	 0.03092593	 0.03379629	-0.00453706
 8.04548073	 0.00240741	 0.03203704	 0.03377493	-0.00474359
 8.05055714	 0.00240741	 0.03314815	 0.03375356	-0.00495016
 8.06070900	 0.00314815	 0.03462963	 0.03371082	-0.00536326
 8.06578541	 0.00314815	 0.03574074	 0.03368945	-0.00556982
 8.08101368	 0.00462963	 0.03277778	 0.03362535	-0.00618949
 8.10131741	 0.00611111	 0.03055556	 0.03353988	-0.00701569
 8.10639286	 0.00648148	 0.03129630	 0.03351852	-0.00722222
 8.11146927	 0.00657408	 0.03027773	 0.03055555	-0.00685185
 8.11654568	 0.00666668	 0.02925916	 0.02685185	-0.00648148
 8.12162113	 0.00675925	 0.02824079	 0.02277778	-0.00574074
 8.12669754	 0.00685185	 0.02722222	 0.01944444	-0.00500000
 8.13177299	 0.00670372	 0.02644453	 0.01648148	-0.00425926
 8.13684940	 0.00655556	 0.02566670	 0.01203704	-0.00240741
 8.14192581	 0.00640740	 0.02488886	 0.00907407	-0.00055556
 8.14700127	 0.00625927	 0.02411117	 0.00685185	-0.00092593
 8.15207767	 0.00611111	 0.02333333	 0.00240741	 0.00277778
 8.15715313	 0.00596298	 0.02255564	-0.00055556	 0.00425926
 8.16222954	 0.00581482	 0.02177781	-0.00388889	 0.00537037
 8.16730499	 0.00566669	 0.02100012	-0.00685185	 0.00685185
 8.17238140	 0.00551853	 0.02022228	-0.00870370	 0.00796296
 8.17745781	 0.00537037	 0.01944445	-0.01055556	 0.00870370
 8.18253326	 0.00518521	 0.01922225	-0.01203704	 0.00944444
 8.18760967	 0.00500001	 0.01900001	-0.01314815	 0.01018518
 8.19268513	 0.00481484	 0.01877781	-0.01388889	 0.01055556
 8.19776154	 0.00462964	 0.01855557	-0.01462963	 0.01018518
 8.20283794	 0.00444444	 0.01833333	-0.01388889	 0.00907407
 8.20791340	 0.00425928	 0.01811114	-0.01314815	 0.00759259
 8.21298981	 0.00407408	 0.01788890	-0.01203704	 0.00574074
 8.21806526	 0.00388892	 0.01766670	-0.00907407	 0.00166667
 8.22314167	 0.00370372	 0.01744446	-0.00759259	-0.00055556
 8.22821808	 0.00351852	 0.01722222	-0.00722222	-0.00203704
 8.23329353	 0.00314815	 0.01611111	-0.00685185	-0.00351852
 8.23836994	 0.00240741	 0.01537037	-0.00611111	-0.00611111
 8.24344540	 0.00203704	 0.01462963	-0.00611111	-0.00685185
 8.24852180	 0.00166667	 0.01537037	-0.00574074	-0.00944444
 8.25359726	 0.00154323	 0.01537037	-0.00500000	-0.01092593
 8.25867367	 0.00141976	 0.01537037	-0.00611111	-0.01203704
 8.26375008	 0.00129630	 0.01537037	-0.00462963	-0.01462963
 8.26882553	 0.00092593	 0.01537037	-0.00314815	-0.01722222
 8.27390194	 0.00092593	 0.01537037	-0.00462963	-0.01870370
 8.27897739	 0.00092593	 0.01574074	-0.00537037	-0.02055556
 8.28405380	 0.00092593	 0.01574074	-0.00833333	-0.01944445
 8.28913021	 0.00092593	 0.01574074	-0.00759259	-0.02277778
 8.29420567	 0.00092593	 0.01648148	-0.01166667	-0.02203704
 8.29928207	 0.00129630	 0.01648148	-0.01203704	-0.02462963
 8.33481407	 0.00166667	 0.01240741	-0.01595350	-0.02413318
 8.33988953	 0.00166667	 0.01203704	-0.01651294	-0.02406226
 8.34496593	 0.00129630	 0.01129630	-0.01707248	-0.02399133
 8.35004234	 0.00092593	 0.01092593	-0.01763202	-0.02392041
 8.35511780	 0.00055556	 0.01055556	-0.01819146	-0.02384949
 8.36526966	 0.00018519	 0.01018518	-0.01931043	-0.02370765
 8.37034607	-0.00018519	 0.00981481	-0.01986997	-0.02363672
 8.43125820	-0.00203704	 0.01055556	-0.02658393	-0.02278566
 8.43633461	-0.00203704	 0.01055556	-0.02714347	-0.02271473
 8.44648647	-0.00203704	 0.01055556	-0.02826245	-0.02257289
 8.45156193	-0.00203704	 0.01055556	-0.02882188	-0.02250197
 8.45663834	-0.00203704	 0.01055556	-0.02938142	-0.02243105
 8.48201847	-0.00129630	 0.01055556	-0.03217891	-0.02207643
 8.49217033	-0.00092593	 0.01055556	-0.03329789	-0.02193459
 8.49724674	-0.00092593	 0.01018518	-0.03385743	-0.02186366
 8.50232220	-0.00055556	 0.01018518	-0.03441686	-0.02179275
 8.50739861	-0.00055556	 0.01018518	-0.03497640	-0.02172182
 8.51247406	-0.00055556	 0.01018518	-0.03553584	-0.02165091
 8.51755047	-0.00018519	 0.00981481	-0.03609538	-0.02157998
 8.52262592	-0.00018519	 0.00981481	-0.03665481	-0.02150907
 8.52770233	-0.00018519	 0.00981481	-0.03721435	-0.02143814
 8.53277874	 0.00018519	 0.00981481	-0.03777390	-0.02136721
 8.53785419	 0.00018519	 0.00944444	-0.03833333	-0.02129630
 8.54293060	 0.00018519	 0.00944444	-0.03722222	-0.02240741
 8.54800606	 0.00018519	 0.00925928	-0.03574074	-0.02351852
 8.55308247	 0.00018519	 0.00907407	-0.03388889	-0.02425926
 8.55815887	 0.00018519	 0.00870370	-0.03166667	-0.02462963
 8.56323433	 0.00018519	 0.00870370	-0.03018518	-0.02537037
 8.56831074	 0.00018519	 0.00833333	-0.02907407	-0.02500000
 8.57338619	-0.00018519	 0.00833333	-0.02722222	-0.02574074
 8.59369087	-0.00018519	 0.00796296	-0.01803678	-0.02544444
 8.59876633	-0.00018519	 0.00796296	-0.01574074	-0.02537037
 8.60384274	 0.00018519	 0.00796296	-0.01462963	-0.02500000
 8.60891819	 0.00018519	 0.00833333	-0.01425926	-0.02462963
 8.61399460	 0.00018519	 0.00833333	-0.01351852	-0.02314815
 8.61907101	 0.00018519	 0.00870370	-0.01277778	-0.02203704
 8.62414646	 0.00018519	 0.00870370	-0.01203704	-0.02092593
 8.62922287	 0.00018519	 0.00907407	-0.01092593	-0.01944445
 8.63429832	 0.00018519	 0.00907407	-0.01018518	-0.01759259
 8.63937473	 0.00018519	 0.00907407	-0.01018518	-0.01648148
 8.64445114	 0.00018519	 0.00907407	-0.00944444	-0.01500000
 8.64952660	 0.00018519	 0.00907407	-0.00574074	-0.01537037
 8.65460300	 0.00018519	 0.00907407	-0.00500000	-0.01388889
 8.65967846	 0.00018519	 0.00907407	-0.00500000	-0.01314815
 8.66475487	 0.00018519	 0.00907407	-0.00500000	-0.01129630
 8.66983032	 0.00055556	 0.00907407	-0.00425926	-0.01055556
 8.67490673	 0.00074074	 0.00907407	-0.00388889	-0.00907407
 8.67998314	 0.00092593	 0.00907407	-0.00425926	-0.00759259
 8.68505859	 0.00092593	 0.00944444	-0.00462963	-0.00685185
 8.69013500	 0.00092593	 0.00944444	-0.00462963	-0.00648148
 8.69521046	 0.00092593	 0.00944444	-0.00462963	-0.00574074
 8.70028687	 0.00092593	 0.00944444	-0.00611111	-0.00500000
 8.70536327	 0.00092593	 0.00944444	-0.00759259	-0.00425926
 8.71043873	 0.00092593	 0.00944444	-0.00833333	-0.00388889
 8.71551514	 0.00092593	 0.00944444	-0.00907407	-0.00351852
 8.72059059	 0.00129630	 0.00944444	-0.01018518	-0.00314815
 8.72566700	 0.00092593	 0.00944444	-0.01166667	-0.00277778
 8.73074245	 0.00129630	 0.00944444	-0.01203704	-0.00240741
 8.73581886	 0.00129630	 0.00944444	-0.01574074	-0.00018519
 8.74089527	 0.00092593	 0.00944444	-0.01648148	-0.00018519
 8.74597073	 0.00092593	 0.00907407	-0.01722222	-0.00018519
 8.75104713	 0.00092593	 0.00907407	-0.01722222	 0.00018519
 8.75612259	 0.00092593	 0.00907407	-0.01685185	-0.00055556
 8.76119900	 0.00055556	 0.00907407	-0.01611111	-0.00129630
 8.76627541	 0.00018519	 0.00907407	-0.01500000	-0.00203704
 8.77135086	 0.00018519	 0.00907407	-0.01055556	-0.00611111
 8.77642727	-0.00018519	 0.00870370	-0.01018518	-0.00685185
 8.78150272	-0.00018519	 0.00870370	-0.00944444	-0.00722222
 8.78657913	-0.00055556	 0.00870370	-0.00833333	-0.00796296
 8.79165554	-0.00067902	 0.00870370	-0.00722222	-0.00907407
 8.79673100	-0.00080246	 0.00870370	-0.00574074	-0.01018518
 8.80180740	-0.00092593	 0.00870370	-0.00796296	-0.00833333
 8.80688286	-0.00129630	 0.00796296	-0.00648148	-0.00944444
 8.81195927	-0.00134260	 0.00805556	-0.00500000	-0.01055556
 8.81703472	-0.00138889	 0.00814814	-0.00425926	-0.01129630
 8.82211113	-0.00143519	 0.00824074	-0.00314815	-0.01240741
 8.82718754	-0.00148149	 0.00833334	-0.00166667	-0.01351852
 8.83226299	-0.00152778	 0.00842592	 0.00018519	-0.01462963
 8.83733940	-0.00157408	 0.00851852	 0.00129630	-0.01537037
 8.84241486	-0.00162037	 0.00861110	 0.00351852	-0.01685185
 8.84749126	-0.00166667	 0.00870370	 0.00537037	-0.01759259
 8.85256767	-0.00171297	 0.00879630	 0.00685185	-0.01833333
 8.85764313	-0.00175926	 0.00888888	 0.01500000	-0.02351852
 8.86271954	-0.00180556	 0.00898148	 0.01537037	-0.02388889
 8.86779499	-0.00185185	 0.00907407	 0.01574074	-0.02388889
 8.87287140	-0.00189815	 0.00916666	 0.01574074	-0.02351852
 8.87794685	-0.00194444	 0.00925925	 0.01611111	-0.02351852
 8.88302326	-0.00199074	 0.00935185	 0.01611111	-0.02425926
 8.88809967	-0.00203704	 0.00944444	 0.01685185	-0.02462963
 8.89317513	-0.00203704	 0.00944444	 0.01611111	-0.02462963
 8.89825153	-0.00203704	 0.00944444	 0.01611111	-0.02425926
 8.90332699	-0.00203704	 0.00944444	 0.00759259	-0.01722222
 8.90840340	-0.00203704	 0.00944444	 0.00722222	-0.01685185
 8.91347980	-0.00203704	 0.00944444	 0.00574074	-0.01648148
 8.91855526	-0.00222220	 0.00925928	 0.00500000	-0.01537037
 8.92363167	-0.00240741	 0.00907407	 0.00388889	-0.01462963
 8.92870712	-0.00242919	 0.00916121	 0.00203704	-0.01388889
 8.93378353	-0.00245098	 0.00924836	 0.00092593	-0.01277778
 8.93885994	-0.00247277	 0.00933552	 0.00018519	-0.01166667
 8.94393539	-0.00249455	 0.00942265	-0.00166667	-0.01092593
 8.94901180	-0.00251634	 0.00950981	-0.00018519	-0.01203704
 8.95408726	-0.00253812	 0.00959694	-0.00462963	-0.00907407
 8.95916367	-0.00255991	 0.00968409	-0.00388889	-0.00981481
 8.96423912	-0.00258170	 0.00977123	-0.00500000	-0.00907407
 8.96931553	-0.00260348	 0.00985838	-0.00944444	-0.00574074
 8.97439194	-0.00262527	 0.00994554	-0.01092593	-0.00500000
 8.97946739	-0.00264706	 0.01003267	-0.01203704	-0.00388889
 8.98454380	-0.00266884	 0.01011983	-0.01388889	-0.00240741
 8.98961926	-0.00269063	 0.01020696	-0.01462963	-0.00166667
 8.99469566	-0.00271242	 0.01029411	-0.01537037	-0.00129630
 8.99977207	-0.00273421	 0.01038127	-0.01537037	-0.00092593
 9.00484753	-0.00275599	 0.01046840	-0.01500000	-0.00018519
 9.00992393	-0.00277778	 0.01055556	-0.01537037	 0.00018519
 9.01499939	-0.00277778	 0.01055556	-0.01462963	 0.00055556
 9.02007580	-0.00277778	 0.01092593	-0.01351852	 0.00092593
 9.02515125	-0.00277778	 0.01129630	-0.01277778	 0.00092593
 9.03022766	-0.00240741	 0.01166667	-0.01129630	 0.00092593
 9.03530407	-0.00240741	 0.01203704	-0.01055556	 0.00092593
 9.04037952	-0.00203704	 0.01203704	-0.00944444	 0.00018519
 9.04545593	-0.00203704	 0.01203704	-0.00759259	-0.00092593
 9.05053139	-0.00203704	 0.01240741	-0.00351852	-0.00351852
 9.05560780	-0.00185184	 0.01250000	-0.00240741	-0.00425926
 9.06068420	-0.00166665	 0.01259260	-0.00166667	-0.00500000
 9.06575966	-0.00148149	 0.01268518	-0.00055556	-0.00611111
 9.07083607	-0.00129630	 0.01277778	 0.00055556	-0.00722222
 9.07591152	-0.00129630	 0.01277778	 0.00203704	-0.00833333
 9.08098793	-0.00111109	 0.01277778	 0.00314815	-0.00907407
 9.08606339	-0.00092593	 0.01277778	 0.00351852	-0.01018518
 9.09113979	-0.00092593	 0.01277778	 0.00425926	-0.01092593
 9.09621620	-0.00055556	 0.01277778	 0.00166667	-0.00944444
 9.10129166	-0.00055556	 0.01277778	 0.00277778	-0.01092593
 9.10636806	-0.00018519	 0.01277778	 0.00388889	-0.01092593
 9.11144352	-0.00018519	 0.01277778	 0.00500000	-0.01166667
 9.11651993	 0.00018519	 0.01277778	 0.00611111	-0.01351852
 9.12159634	 0.00018519	 0.01277778	 0.00722222	-0.01351852
 9.12667179	 0.00018519	 0.01277778	 0.00796296	-0.01462963
 9.13174820	 0.00037038	 0.01268518	 0.00907407	-0.01537037
 9.13682365	 0.00055554	 0.01259260	 0.00981481	-0.01611111
 9.14190006	 0.00074073	 0.01250000	 0.00981481	-0.01611111
 9.14697647	 0.00092593	 0.01240741	 0.00981481	-0.01611111
 9.15205193	 0.00092593	 0.01222224	 0.00981481	-0.01574074
 9.15712833	 0.00092593	 0.01203704	 0.00870370	-0.01500000
 9.16220379	 0.00129630	 0.01203704	 0.00759259	-0.01462963
 9.16728020	 0.00129630	 0.01203704	 0.00685185	-0.01351852
 9.17235565	 0.00129630	 0.01166667	 0.00574074	-0.01277778
 9.17743206	 0.00129630	 0.01166667	 0.00500000	-0.01240741
 9.18250847	 0.00129630	 0.01129630	 0.00314815	-0.01129630
 9.18758392	 0.00166667	 0.01129630	 0.00166667	-0.01055556
 9.19266033	 0.00129630	 0.01129630	 0.00055556	-0.00981481
 9.19773579	 0.00148146	 0.01148146	-0.00055556	-0.00907407
 9.20281219	 0.00166667	 0.01166667	-0.00277778	-0.00833333
 9.20788860	 0.00166667	 0.01166667	-0.00462963	-0.00722222
 9.21296406	 0.00166667	 0.01179012	-0.00685185	-0.00648148
 9.21804047	 0.00166667	 0.01191359	-0.00833333	-0.00574074
 9.22311592	 0.00166667	 0.01203704	-0.00981481	-0.00537037
 9.22819233	 0.00166667	 0.01203704	-0.01203704	-0.00462963
 9.23326778	 0.00166667	 0.01203704	-0.01388889	-0.00425926
 9.23834419	 0.00166667	 0.01203704	-0.01574074	-0.00351852
 9.24342060	 0.00166667	 0.01203704	-0.01759259	-0.00277778
 9.24849606	 0.00166667	 0.01203704	-0.01870370	-0.00240741
 9.25357246	 0.00166667	 0.01203704	-0.01685185	-0.00388889
 9.25864792	 0.00166667	 0.01166667	-0.02129630	-0.00129630
 9.26372433	 0.00166667	 0.01166667	-0.02240741	-0.00055556
 9.26880074	 0.00166667	 0.01166667	-0.02388889	-0.00055556
 9.27387619	 0.00166667	 0.01129633	-0.02240741	-0.00277778
 9.27895260	 0.00166667	 0.01092593	-0.01870370	-0.00537037
 9.28402805	 0.00166667	 0.01092593	-0.02611111	-0.00018519
 9.28910446	 0.00166667	 0.01092593	-0.02648148	-0.00055556
 9.29418087	 0.00166667	 0.01092593	-0.02092592	-0.00537037
 9.29925632	 0.00166667	 0.01055556	-0.02388889	-0.00314815
 9.30433273	 0.00166667	 0.01018518	-0.02388889	-0.00351852
 9.30940819	 0.00129630	 0.00981481	-0.02388889	-0.00388889
 9.31448460	 0.00129630	 0.00981481	-0.02685185	-0.00277778
 9.31956005	 0.00129630	 0.00944444	-0.02648148	-0.00351852
 9.32463646	 0.00092593	 0.00907407	-0.02092592	-0.00944444
 9.32971287	 0.00092593	 0.00870370	-0.02018518	-0.01092593
 9.33478832	 0.00092593	 0.00870370	-0.01944444	-0.01203704
 9.33986473	 0.00092593	 0.00833333	-0.02500000	-0.00759259
 9.34494019	 0.00055556	 0.00833333	-0.02351852	-0.00907407
 9.35001659	 0.00018519	 0.00796296	-0.02203704	-0.01018518
 9.35509300	 0.00018519	 0.00796296	-0.02092592	-0.01092593
 9.36016846	 0.00018519	 0.00796296	-0.01907407	-0.01166667
 9.36524487	 0.00018519	 0.00796296	-0.01833333	-0.01240741
 9.37032032	 0.00018519	 0.00796296	-0.01648148	-0.01314815
 9.37539673	-0.00018519	 0.00796296	-0.01500000	-0.01388889
 9.38047218	-0.00018519	 0.00759259	-0.01351852	-0.01462963
 9.38554859	-0.00018519	 0.00759259	-0.01166667	-0.01500000
 9.39062500	-0.00037039	 0.00740739	-0.00981481	-0.01574074
 9.39570045	-0.00055556	 0.00722222	-0.00833333	-0.01611111
 9.40077686	-0.00055556	 0.00685185	-0.00648148	-0.01611111
 9.40585232	-0.00074072	 0.00666668	-0.00500000	-0.01611111
 9.41092873	-0.00092593	 0.00648148	-0.00388889	-0.01611111
 9.41600513	-0.00092593	 0.00648148	-0.00351852	-0.01574074
 9.42108059	-0.00092593	 0.00648148	-0.00203704	-0.01574074
 9.42615700	-0.00083333	 0.00629629	-0.00129630	-0.01574074
 9.43123245	-0.00074075	 0.00611113	-0.00092593	-0.01574074
 9.43630886	-0.00064815	 0.00592593	-0.00018519	-0.01537037
 9.44138527	-0.00055556	 0.00574074	-0.00018519	-0.01500000
 9.44646072	-0.00055556	 0.00574074	-0.00018519	-0.01500000
 9.45153713	-0.00055556	 0.00537037	-0.00055556	-0.01500000
 9.45661259	-0.00055556	 0.00518520	-0.00203704	-0.01462963
 9.46168900	-0.00055556	 0.00500000	-0.00277778	-0.01425926
 9.46676445	-0.00055556	 0.00500000	-0.00351852	-0.01425926
 9.47184086	-0.00055556	 0.00462963	-0.00092593	-0.01611111
 9.47691727	-0.00055556	 0.00462963	-0.00314815	-0.01537037
 9.48199272	-0.00055556	 0.00462963	-0.00425926	-0.01537037
 9.48706913	-0.00055556	 0.00462963	-0.00500000	-0.01500000
 9.49214458	-0.00055556	 0.00462963	-0.00685185	-0.01500000
 9.49722099	-0.00055556	 0.00425926	-0.00796296	-0.01462963
 9.50229740	-0.00055556	 0.00425926	-0.00944444	-0.01425926
 9.50737286	-0.00055556	 0.00425926	-0.01055556	-0.01425926
 9.51244926	-0.00055556	 0.00425926	-0.01203704	-0.01388889
 9.51752472	-0.00055556	 0.00425926	-0.01388889	-0.01388889
 9.52260113	-0.00055556	 0.00425926	-0.01425926	-0.01351852
 9.52767658	-0.00055556	 0.00425926	-0.01833333	-0.01166667
 9.53275299	-0.00055556	 0.00388889	-0.01944444	-0.01129630
 9.53782940	-0.00055556	 0.00425926	-0.02055555	-0.01129630
 9.54290485	-0.00055556	 0.00425926	-0.02092592	-0.01129630
 9.54798126	-0.00055556	 0.00425926	-0.02203704	-0.01055556
 9.55305672	-0.00055556	 0.00425926	-0.02240741	-0.01055556
 9.55813313	-0.00055556	 0.00425926	-0.02314815	-0.01018518
 9.56320953	-0.00055556	 0.00425926	-0.02351852	-0.00981481
 9.56828499	-0.00055556	 0.00462963	-0.02388889	-0.00944444
 9.57336140	-0.00055556	 0.00462963	-0.02388889	-0.00944444
 9.57843685	-0.00055556	 0.00462963	-0.02351852	-0.00944444
 9.58351326	-0.00055556	 0.00462963	-0.02092592	-0.01092593
 9.58858871	-0.00018519	 0.00462963	-0.02388889	-0.00907407
 9.59366512	-0.00018519	 0.00500000	-0.02388889	-0.00907407
 9.59874153	-0.00018519	 0.00500000	-0.02055555	-0.01092593
 9.60381699	-0.00018519	 0.00500000	-0.02351852	-0.00907407
 9.60889339	-0.00018519	 0.00500000	-0.02314815	-0.00907407
 9.61396885	-0.00018519	 0.00500000	-0.02277778	-0.00944444
 9.61904526	 0.00018519	 0.00500000	-0.02240741	-0.00944444
 9.62412167	 0.00018519	 0.00500000	-0.02166667	-0.00981481
 9.62919712	 0.00018519	 0.00500000	-0.02092592	-0.01018518
 9.63427353	 0.00018519	 0.00537037	-0.02055555	-0.01055556
 9.63934898	 0.00018519	 0.00537037	-0.01981481	-0.01092593
 9.64442539	 0.00018519	 0.00500000	-0.01870370	-0.01166667
 9.64950180	 0.00018519	 0.00537037	-0.01796296	-0.01240741
 9.65457726	 0.00027777	 0.00537037	-0.01759259	-0.01240741
 9.65965366	 0.00037037	 0.00537037	-0.01685185	-0.01314815
 9.66472912	 0.00046295	 0.00537037	-0.01574074	-0.01388889
 9.66980553	 0.00055556	 0.00537037	-0.01500000	-0.01462963
 9.67488098	 0.00055556	 0.00537037	-0.01500000	-0.01500000
 9.67995739	 0.00055556	 0.00537037	-0.00648148	-0.02203704
 9.68503380	 0.00055556	 0.00537037	-0.01351852	-0.01685185
 9.69010925	 0.00055556	 0.00537037	-0.01314815	-0.01722222
 9.69518566	 0.00055556	 0.00537037	-0.01277778	-0.01796296
 9.70026112	 0.00055556	 0.00537037	-0.01277778	-0.01833333
 9.70533752	 0.00055556	 0.00537037	-0.01277778	-0.01907407
 9.71041393	 0.00055556	 0.00537037	-0.00759259	-0.02425926
 9.71548939	 0.00037039	 0.00537037	-0.01314815	-0.01981482
 9.72056580	 0.00018519	 0.00537037	-0.01277778	-0.01981482
 9.72564125	 0.00018519	 0.00537037	-0.01277778	-0.02018519
 9.73071766	 0.00018519	 0.00537037	-0.01314815	-0.02018519
 9.73579311	 0.00018519	 0.00537037	-0.01314815	-0.01981482
 9.74086952	 0.00018519	 0.00537037	-0.01314815	-0.02018519
 9.74594593	 0.00018519	 0.00537037	-0.01055556	-0.02166667
 9.75102139	 0.00018519	 0.00537037	-0.00907407	-0.02351852
 9.75609779	 0.00018519	 0.00537037	-0.01351852	-0.01870370
 9.76117325	 0.00018519	 0.00537037	-0.01055556	-0.01981482
 9.76624966	 0.00018519	 0.00537037	-0.01055556	-0.01907407
 9.77132607	-0.00018519	 0.00537037	-0.01018518	-0.01833333
 9.77640152	-0.00018519	 0.00500000	-0.01092593	-0.01722222
 9.78147793	-0.00018519	 0.00500000	-0.01018518	-0.01648148
 9.78655338	-0.00018519	 0.00500000	-0.01018518	-0.01462963
 9.79162979	-0.00018519	 0.00500000	-0.01277778	-0.01240741
 9.79670620	-0.00037039	 0.00500000	-0.01277778	-0.01092593
 9.80178165	-0.00055556	 0.00500000	-0.01277778	-0.00981481
 9.80685806	-0.00055556	 0.00500000	-0.01240741	-0.00833333
 9.81193352	-0.00055556	 0.00462963	-0.01203704	-0.00759259
 9.81700993	-0.00055556	 0.00462963	-0.01203704	-0.00611111
 9.82208538	-0.00055556	 0.00462963	-0.01203704	-0.00462963
 9.82716179	-0.00055556	 0.00462963	-0.01203704	-0.00351852
 9.83223820	-0.00055556	 0.00462963	-0.01092593	-0.00240741
 9.83731365	-0.00055556	 0.00425926	-0.01018518	-0.00129630
 9.84239006	-0.00055556	 0.00425926	-0.00981481	-0.00055556
 9.84746552	-0.00055556	 0.00425926	-0.00907407	 0.00055556
 9.85254192	-0.00055556	 0.00388889	-0.00833333	 0.00129630
 9.85761833	-0.00055556	 0.00388889	-0.00796296	 0.00166667
 9.86269379	-0.00055556	 0.00388889	-0.00722222	 0.00240741
 9.86777020	-0.00055556	 0.00351852	-0.00648148	 0.00277778
 9.87284565	-0.00055556	 0.00351852	-0.00611111	 0.00277778
 9.87792206	-0.00055556	 0.00351852	-0.00574074	 0.00314815
 9.88299751	-0.00055556	 0.00314815	-0.00500000	 0.00314815
 9.88807392	-0.00055556	 0.00277778	-0.00425926	 0.00277778
 9.89315033	-0.00055556	 0.00270370	-0.00351852	 0.00240741
 9.89822578	-0.00055556	 0.00262963	 0.00574074	-0.00351852
 9.90330219	-0.00055556	 0.00255555	 0.00648148	-0.00388889
 9.90837765	-0.00055556	 0.00248149	 0.00203704	 0.00166667
 9.91345406	-0.00055556	 0.00240741	 0.00277778	 0.00092593
 9.91853046	-0.00055556	 0.00203704	 0.00351852	 0.00018519
 9.92360592	-0.00055556	 0.00203704	 0.00574074	-0.00240741
 9.92868233	-0.00055556	 0.00166667	 0.00685185	-0.00314815
 9.93375778	-0.00055556	 0.00166667	 0.00759259	-0.00351852
 9.93883419	-0.00055556	 0.00166667	 0.00833333	-0.00388889
 9.94390965	-0.00055556	 0.00129630	 0.00944444	-0.00425926
 9.94898605	-0.00055556	 0.00129630	 0.00944444	-0.00462963
 9.95406246	-0.00055556	 0.00129630	 0.01018518	-0.00537037
 9.95913792	-0.00055556	 0.00092593	 0.01129630	-0.00611111
 9.96421432	-0.00055556	 0.00092593	 0.01129630	-0.00648148
 9.96928978	-0.00018519	 0.00055556	 0.01203704	-0.00685185
 9.97436619	-0.00055556	 0.00055556	 0.01203704	-0.00722222
 9.97944260	-0.00018519	 0.00055556	 0.01129630	-0.00759259