t	X1	Y1	X2	Y2
s	m	m	m	m
 0.00000000	 0.00020619	 0.00020619	 0.00020619	-0.01134021
 0.00507601	 0.00020619	 0.00061856	-0.00020619	-0.01092783
 0.01015203	 0.00020619	 0.00020619	-0.00020619	-0.01092783
 0.01522804	 0.00020619	 0.00061856	-0.00020619	-0.01134021
 0.02030405	 0.00020619	 0.00020619	 0.00020619	-0.01134021
 0.02538007	 0.00020619	 0.00061856	 0.00061856	-0.01134021
 0.03045608	 0.00020619	 0.00020619	 0.00020619	-0.01134021
 0.03553209	 0.00020619	 0.00020619	 0.00020619	-0.01134021
 0.04060811	 0.00020619	 0.00020619	 0.00061856	-0.01134021
 0.04568412	 0.00020619	 0.00020619	 0.00103093	-0.01134021
 0.05076014	 0.00020619	 0.00020619	 0.00061856	-0.01134021
 0.05583614	 0.00020619	 0.00061856	 0.00061856	-0.01134021
 0.06091216	 0.00061856	 0.00020619	 0.00020619	-0.01092783
 0.06598818	 0.00020619	 0.00020619	 0.00020619	-0.01134021
 0.07106419	 0.00020619	 0.00020619	 0.00020619	-0.01092783
 0.07614020	 0.00020619	 0.00061856	 0.00061856	-0.01134021
 0.08121622	 0.00020619	 0.00020619	 0.00061856	-0.01134021
 0.08629223	 0.00020619	 0.00061856	 0.00061856	-0.01092783
 0.09136824	 0.00020619	 0.00020619	 0.00020619	-0.01092783
 0.09644426	 0.00020619	 0.00061856	 0.00061856	-0.01092783
 0.10152027	 0.00061856	 0.00020619	 0.00061856	-0.01134021
 0.10659628	 0.00020619	 0.00020619	 0.00061856	-0.01134021
 0.11167229	 0.00020619	 0.00020619	 0.00061856	-0.01134021
 0.11674830	 0.00020619	 0.00061856	 0.00020619	-0.01092783
 0.12182432	 0.00020619	 0.00020619	 0.00061856	-0.01092783
 0.12690033	 0.00020619	 0.00020619	 0.00061856	-0.01134021
 0.13197635	 0.00020619	 0.00020619	 0.00144330	-0.01134021
 0.13705236	 0.00020619	 0.00020619	 0.00103093	-0.01134021
 0.14212838	 0.00020619	 0.00020619	 0.00061856	-0.01134021
 0.14720438	 0.00020619	 0.00020619	 0.00103093	-0.01134021
 0.15228041	 0.00020619	 0.00020619	 0.00103093	-0.01134021
 0.15735641	 0.00020619	 0.00020619	 0.00103093	-0.01134021
 0.16243243	 0.00020619	 0.00020619	 0.00061856	-0.01134021
 0.16750844	 0.00020619	 0.00020619	 0.00061856	-0.01134021
 0.17258446	 0.00020619	 0.00020619	 0.00061856	-0.01092783
 0.17766047	 0.00020619	 0.00020619	 0.00103093	-0.01134021
 0.18273649	 0.00020619	 0.00020619	 0.00144330	-0.01134021
 0.18781249	 0.00020619	 0.00020619	 0.00103093	-0.01134021
 0.19288851	 0.00020619	 0.00020619	 0.00061856	-0.01092783
 0.19796452	 0.00020619	 0.00020619	 0.00061856	-0.01092783
 0.20304054	 0.00020619	 0.00020619	 0.00061856	-0.01134021
 0.20811655	 0.00020619	 0.00061856	 0.00061856	-0.01092783
 0.21319257	 0.00020619	 0.00020619	 0.00061856	-0.01092783
 0.21826857	 0.00020619	 0.00020619	 0.00061856	-0.01092783
 0.22334458	 0.00020619	 0.00020619	 0.00061856	-0.01092783
 0.22842060	 0.00020619	 0.00020619	 0.00061856	-0.01092783
 0.23349661	 0.00020619	 0.00020619	 0.00061856	-0.01092783
 0.23857263	 0.00020619	 0.00061856	 0.00061856	-0.01092783
 0.24364863	 0.00020619	 0.00020619	 0.00144330	-0.01134021
 0.24872465	 0.00020619	 0.00020619	 0.00144330	-0.01134021
 0.25380066	 0.00020619	 0.00020619	 0.00103093	-0.01134021
 0.25887668	 0.00020619	 0.00020619	 0.00144330	-0.01134021
 0.26395270	 0.00020619	 0.00020619	 0.00144330	-0.01134021
 0.26902869	 0.00020619	 0.00020619	 0.00103093	-0.01134021
 0.27410471	 0.00020619	 0.00020619	 0.00061856	-0.01092783
 0.27918074	 0.00020619	 0.00020619	 0.00061856	-0.01092783
 0.28425676	 0.00020619	 0.00020619	 0.00061856	-0.01051546
 0.28933275	 0.00020619	 0.00020619	 0.00061856	-0.01051546
 0.29440877	 0.00020619	 0.00020619	 0.00061856	-0.01051546
 0.29948479	 0.00020619	 0.00020619	 0.00061856	-0.01051546
 0.30456081	 0.00020619	 0.00020619	 0.00144330	-0.01134021
 0.30963680	 0.00020619	 0.00020619	 0.00144330	-0.01134021
 0.31471282	 0.00020619	 0.00020619	 0.00144330	-0.01134021
 0.31978884	 0.00020619	 0.00020619	 0.00061856	-0.01134021
 0.32486486	 0.00020619	 0.00020619	 0.00061856	-0.01134021
 0.32994086	 0.00020619	 0.00020619	 0.00061856	-0.01134021
 0.33501688	 0.00020619	 0.00020619	 0.00103093	-0.01134021
 0.34009290	 0.00020619	 0.00020619	 0.00103093	-0.01134021
 0.34516892	 0.00020619	 0.00020619	 0.00061856	-0.01134021
 0.35024491	 0.00020619	 0.00020619	 0.00061856	-0.01092783
 0.35532093	 0.00020619	 0.00020619	 0.00061856	-0.01092783
 0.36039695	 0.00020619	 0.00020619	 0.00061856	-0.01092783
 0.36547297	 0.00020619	 0.00020619	 0.00061856	-0.01051546
 0.37054896	 0.00061856	 0.00020619	 0.00061856	-0.01092783
 0.37562498	 0.00020619	 0.00020619	 0.00061856	-0.01092783
 0.38070101	 0.00020619	 0.00020619	 0.00061856	-0.01092783
 0.38577703	 0.00020619	 0.00061856	 0.00061856	-0.01092783
 0.39085302	 0.00061856	 0.00020619	 0.00061856	-0.01134021
 0.39592904	 0.00020619	 0.00020619	 0.00061856	-0.01134021
 0.40100506	 0.00020619	 0.00020619	 0.00061856	-0.01092783
 0.40608108	 0.00020619	-0.00020619	 0.00061856	-0.01092783
 0.41115707	 0.00020619	 0.00020619	 0.00061856	-0.01092783
 0.41623309	 0.00020619	 0.00020619	 0.00061856	-0.01134021
 0.42130911	 0.00020619	 0.00020619	 0.00061856	-0.01134021
 0.42638513	 0.00020619	-0.00020619	 0.00103093	-0.01134021
 0.43146113	 0.00020619	 0.00020619	 0.00103093	-0.01134021
 0.43653715	 0.00020619	-0.00020619	 0.00061856	-0.01134021
 0.44161317	 0.00020619	 0.00020619	 0.00144330	-0.01175258
 0.44668916	 0.00020619	-0.00020619	 0.00103093	-0.01134021
 0.45176518	 0.00020619	 0.00020619	 0.00061856	-0.01134021
 0.45684120	 0.00020619	-0.00020619	 0.00061856	-0.01134021
 0.46191722	 0.00020619	 0.00020619	 0.00061856	-0.01134021
 0.46699321	 0.00020619	-0.00020619	 0.00061856	-0.01092783
 0.47206923	 0.00020619	-0.00020619	 0.00020619	-0.01092783
 0.47714525	 0.00020619	-0.00020619	 0.00061856	-0.01134021
 0.48222128	 0.00061856	-0.00020619	 0.00061856	-0.01134021
 0.48729727	 0.00020619	-0.00020619	 0.00061856	-0.01134021
 0.49237329	 0.00020619	 0.00020619	-0.00020619	-0.01134021
 0.49744931	 0.00020619	-0.00020619	 0.00020619	-0.01134021
 0.50252533	 0.00020619	-0.00020619	 0.00061856	-0.01134021
 0.50760132	 0.00020619	-0.00020619	 0.00020619	-0.01134021
 0.51267737	 0.00020619	-0.00020619	-0.00020619	-0.01134021
 0.51775336	-0.00020619	-0.00020619	-0.00020619	-0.01092783
 0.52282935	 0.00020619	-0.00020619	-0.00020619	-0.01092783
 0.52790540	-0.00020619	-0.00020619	-0.00020619	-0.01134021
 0.53298140	 0.00020619	-0.00020619	-0.00020619	-0.01092783
 0.53805739	-0.00020619	-0.00020619	-0.00020619	-0.01134021
 0.54313344	 0.00020619	-0.00020619	 0.00020619	-0.01134021
 0.54820943	 0.00020619	-0.00020619	-0.00020619	-0.01134021
 0.55328548	 0.00020619	-0.00020619	-0.00020619	-0.01134021
 0.55836147	 0.00020619	-0.00020619	-0.00020619	-0.01134021
 0.56343746	 0.00020619	-0.00020619	-0.00061856	-0.01134021
 0.56851351	 0.00020619	-0.00020619	-0.00061856	-0.01134021
 0.57358950	 0.00020619	-0.00020619	-0.00061856	-0.01134021
 0.57866549	 0.00020619	-0.00020619	-0.00061856	-0.01134021
 0.58374155	 0.00020619	-0.00020619	-0.00061856	-0.01134021
 0.58881754	 0.00020619	-0.00020619	-0.00061856	-0.01092783
 0.59389359	 0.00020619	-0.00020619	-0.00061856	-0.01134021
 0.59896958	 0.00020619	-0.00020619	-0.00061856	-0.01134021
 0.60404557	 0.00020619	-0.00020619	-0.00061856	-0.01134021
 0.60912162	 0.00020619	-0.00020619	-0.00061856	-0.01134021
 0.61419761	 0.00020619	-0.00020619	-0.00061856	-0.01175258
 0.61927360	 0.00020619	-0.00020619	-0.00061856	-0.01175258
 0.62434965	 0.00020619	-0.00020619	-0.00061856	-0.01175258
 0.62942564	 0.00020619	-0.00020619	-0.00061856	-0.01175258
 0.63450170	 0.00020619	-0.00020619	-0.00061856	-0.01134021
 0.63957769	 0.00020619	-0.00020619	-0.00061856	-0.01134021
 0.64465368	 0.00020619	-0.00020619	-0.00061856	-0.01134021
 0.64972973	 0.00020619	-0.00020619	-0.00061856	-0.01134021
 0.65480572	 0.00020619	-0.00020619	-0.00061856	-0.01175258
 0.65988171	 0.00020619	-0.00020619	-0.00061856	-0.01134021
 0.66495776	 0.00020619	-0.00020619	-0.00103093	-0.01134021
 0.67003375	 0.00020619	-0.00020619	-0.00103093	-0.01134021
 0.67510974	 0.00020619	-0.00020619	-0.00144330	-0.01134021
 0.68018579	 0.00020619	-0.00020619	-0.00103093	-0.01175258
 0.68526179	 0.00020619	-0.00020619	-0.00103093	-0.01175258
 0.69033784	 0.00020619	-0.00020619	-0.00103093	-0.01175258
 0.69541383	 0.00020619	-0.00020619	-0.00144330	-0.01175258
 0.70048982	 0.00061856	-0.00020619	-0.00103093	-0.01175258
 0.70556587	 0.00020619	-0.00020619	-0.00103093	-0.01216495
 0.71064186	 0.00020619	-0.00020619	-0.00103093	-0.01175258
 0.71571785	 0.00020619	-0.00020619	-0.00144330	-0.01175258
 0.72079390	 0.00061856	-0.00020619	-0.00185567	-0.01175258
 0.72586989	 0.00020619	-0.00020619	-0.00185567	-0.01175258
 0.73094594	 0.00061856	-0.00020619	-0.00185567	-0.01175258
 0.73602194	 0.00020619	-0.00020619	-0.00185567	-0.01175258
 0.74109793	 0.00061856	-0.00020619	-0.00185567	-0.01175258
 0.74617398	 0.00020619	-0.00020619	-0.00185567	-0.01216495
 0.75124997	 0.00061856	-0.00020619	-0.00185567	-0.01216495
 0.75632596	 0.00020619	-0.00020619	-0.00144330	-0.01216495
 0.76140201	 0.00061856	-0.00020619	-0.00185567	-0.01216495
 0.76647800	 0.00061856	-0.00020619	-0.00185567	-0.01175258
 0.77155405	 0.00061856	-0.00020619	-0.00185567	-0.01175258
 0.77663004	 0.00061856	-0.00020619	-0.00185567	-0.01216495
 0.78170604	 0.00061856	-0.00020619	-0.00185567	-0.01216495
 0.78678209	 0.00020619	-0.00020619	-0.00185567	-0.01216495
 0.79185808	 0.00061856	-0.00020619	-0.00185567	-0.01175258
 0.79693407	 0.00020619	-0.00020619	-0.00185567	-0.01175258
 0.80201012	 0.00061856	-0.00020619	-0.00185567	-0.01175258
 0.80708611	 0.00020619	-0.00020619	-0.00185567	-0.01175258
 0.81216216	 0.00061856	-0.00020619	-0.00185567	-0.01216495
 0.81723815	 0.00020619	-0.00020619	-0.00185567	-0.01216495
 0.82231414	 0.00061856	-0.00020619	-0.00185567	-0.01216495
 0.82739019	 0.00020619	-0.00020619	-0.00185567	-0.01216495
 0.83246619	 0.00020619	-0.00020619	-0.00185567	-0.01216495
 0.83754218	 0.00020619	-0.00020619	-0.00185567	-0.01216495
 0.84261823	 0.00020619	-0.00020619	-0.00226804	-0.01216495
 0.84769422	 0.00020619	-0.00020619	-0.00185567	-0.01216495
 0.85277027	 0.00061856	-0.00020619	-0.00185567	-0.01216495
 0.85784626	 0.00020619	-0.00020619	-0.00226804	-0.01216495
 0.86292225	 0.00020619	-0.00020619	-0.00226804	-0.01216495
 0.86799830	 0.00020619	-0.00020619	-0.00268041	-0.01175258
 0.87307429	 0.00020619	-0.00020619	-0.00268041	-0.01175258
 0.87815028	 0.00020619	-0.00020619	-0.00268041	-0.01216495
 0.88322634	 0.00020619	-0.00020619	-0.00268041	-0.01175258
 0.88830233	 0.00020619	-0.00020619	-0.00268041	-0.01175258
 0.89337832	 0.00020619	-0.00020619	-0.00268041	-0.01175258
 0.89845437	 0.00020619	-0.00020619	-0.00268041	-0.01175258
 0.90353036	 0.00020619	-0.00020619	-0.00268041	-0.01175258
 0.90860641	 0.00061856	-0.00020619	-0.00268041	-0.01216495
 0.91368240	 0.00020619	-0.00020619	-0.00268041	-0.01216495
 0.91875839	 0.00020619	-0.00020619	-0.00268041	-0.01175258
 0.92383444	 0.00061856	-0.00020619	-0.00268041	-0.01175258
 0.92891043	 0.00061856	-0.00020619	-0.00268041	-0.01216495
 0.93398643	 0.00061856	-0.00020619	-0.00268041	-0.01216495
 0.93906248	 0.00061856	-0.00020619	-0.00268041	-0.01216495
 0.94413847	 0.00061856	-0.00020619	-0.00268041	-0.01216495
 0.94921452	 0.00061856	-0.00020619	-0.00268041	-0.01216495
 0.95429051	 0.00061856	-0.00020619	-0.00268041	-0.01257732
 0.95936650	 0.00061856	-0.00020619	-0.00268041	-0.01257732
 0.96444255	 0.00061856	-0.00020619	-0.00268041	-0.01216495
 0.96951854	 0.00061856	-0.00020619	-0.00268041	-0.01216495
 0.97459453	 0.00061856	-0.00020619	-0.00268041	-0.01216495
 0.97967058	 0.00061856	-0.00020619	-0.00268041	-0.01257732
 0.98474658	 0.00061856	-0.00020619	-0.00268041	-0.01257732
 0.98982263	 0.00061856	-0.00020619	-0.00268041	-0.01257732
 0.99489862	 0.00061856	-0.00020619	-0.00268041	-0.01257732
 0.99997461	 0.00061856	-0.00020619	-0.00268041	-0.01257732
 1.00505066	 0.00061856	-0.00020619	-0.00268041	-0.01257732
 1.01012671	 0.00061856	-0.00020619	-0.00268041	-0.01257732
 1.01520264	 0.00061856	-0.00020619	-0.00268041	-0.01257732
 1.02027869	 0.00061856	-0.00020619	-0.00268041	-0.01257732
 1.02535474	 0.00020619	-0.00020619	-0.00268041	-0.01257732
 1.03043067	 0.00061856	-0.00020619	-0.00268041	-0.01257732
 1.03550673	 0.00061856	-0.00020619	-0.00268041	-0.01257732
 1.04058278	 0.00061856	-0.00020619	-0.00268041	-0.01257732
 1.04565871	 0.00061856	-0.00020619	-0.00268041	-0.01257732
 1.05073476	 0.00061856	-0.00020619	-0.00268041	-0.01257732
 1.05581081	 0.00061856	-0.00020619	-0.00268041	-0.01257732
 1.06088674	 0.00061856	-0.00020619	-0.00268041	-0.01257732
 1.06596279	 0.00061856	-0.00020619	-0.00268041	-0.01257732
 1.07103884	 0.00061856	-0.00020619	-0.00268041	-0.01257732
 1.07611477	 0.00061856	-0.00020619	-0.00268041	-0.01257732
 1.08119082	 0.00061856	-0.00020619	-0.00268041	-0.01257732
 1.08626688	 0.00061856	-0.00020619	-0.00268041	-0.01257732
 1.09134281	 0.00061856	-0.00020619	-0.00268041	-0.01257732
 1.09641886	 0.00061856	-0.00020619	-0.00268041	-0.01257732
 1.10149491	 0.00061856	-0.00020619	-0.00268041	-0.01257732
 1.10657096	 0.00020619	-0.00020619	-0.00268041	-0.01257732
 1.11164689	 0.00061856	-0.00020619	-0.00309278	-0.01257732
 1.11672294	 0.00061856	-0.00020619	-0.00350515	-0.01257732
 1.12179899	 0.00061856	-0.00020619	-0.00350515	-0.01216495
 1.12687492	 0.00061856	-0.00020619	-0.00350515	-0.01257732
 1.13195097	 0.00061856	-0.00020619	-0.00268041	-0.01257732
 1.13702703	 0.00061856	-0.00020619	-0.00268041	-0.01257732
 1.14210296	 0.00061856	-0.00020619	-0.00268041	-0.01257732
 1.14717901	 0.00061856	-0.00020619	-0.00268041	-0.01257732
 1.15225506	 0.00061856	-0.00020619	-0.00268041	-0.01257732
 1.15733099	 0.00061856	-0.00020619	-0.00268041	-0.01257732
 1.16240704	 0.00061856	-0.00020619	-0.00268041	-0.01257732
 1.16748309	 0.00061856	-0.00020619	-0.00309278	-0.01257732
 1.17255902	 0.00061856	-0.00020619	-0.00309278	-0.01257732
 1.17763507	 0.00020619	-0.00020619	-0.00268041	-0.01257732
 1.18271112	 0.00061856	-0.00020619	-0.00268041	-0.01257732
 1.18778718	 0.00061856	-0.00020619	-0.00309278	-0.01257732
 1.19286311	 0.00061856	-0.00020619	-0.00268041	-0.01257732
 1.19793916	 0.00020619	-0.00020619	-0.00268041	-0.01257732
 1.20301521	 0.00061856	-0.00020619	-0.00268041	-0.01257732
 1.20809114	 0.00061856	-0.00020619	-0.00268041	-0.01257732
 1.21316719	 0.00061856	 0.00020619	-0.00268041	-0.01257732
 1.21824324	 0.00061856	 0.00020619	-0.00268041	-0.01257732
 1.22331917	 0.00020619	 0.00020619	-0.00268041	-0.01257732
 1.22839522	 0.00061856	 0.00020619	-0.00309278	-0.01257732
 1.23347127	 0.00061856	 0.00020619	-0.00268041	-0.01257732
 1.23854721	 0.00061856	 0.00020619	-0.00268041	-0.01257732
 1.24362326	 0.00020619	 0.00020619	-0.00268041	-0.01257732
 1.24869931	 0.00061856	 0.00020619	-0.00268041	-0.01257732
 1.25377524	 0.00061856	 0.00020619	-0.00268041	-0.01257732
 1.25885129	 0.00020619	 0.00020619	-0.00268041	-0.01257732
 1.26392734	 0.00020619	 0.00020619	-0.00268041	-0.01257732
 1.26900339	 0.00061856	 0.00020619	-0.00268041	-0.01257732
 1.27407932	 0.00020619	 0.00020619	-0.00268041	-0.01257732
 1.27915537	 0.00061856	 0.00020619	-0.00268041	-0.01257732
 1.28423142	 0.00061856	 0.00020619	-0.00268041	-0.01257732
 1.28930736	 0.00061856	 0.00020619	-0.00268041	-0.01257732
 1.29438341	 0.00061856	 0.00020619	-0.00268041	-0.01257732
 1.29945946	 0.00061856	 0.00020619	-0.00268041	-0.01257732
 1.30453539	 0.00061856	 0.00020619	-0.00268041	-0.01257732
 1.30961144	 0.00061856	 0.00020619	-0.00268041	-0.01257732
 1.31468749	 0.00061856	 0.00020619	-0.00268041	-0.01257732
 1.31976342	 0.00061856	 0.00020619	-0.00268041	-0.01257732
 1.32483947	 0.00061856	 0.00020619	-0.00268041	-0.01257732
 1.32991552	 0.00061856	 0.00020619	-0.00268041	-0.01257732
 1.33499146	 0.00061856	 0.00020619	-0.00268041	-0.01257732
 1.34006751	 0.00061856	 0.00020619	-0.00268041	-0.01257732
 1.34514356	 0.00061856	 0.00020619	-0.00268041	-0.01257732
 1.35021949	 0.00061856	 0.00020619	-0.00268041	-0.01257732
 1.35529554	 0.00020619	 0.00020619	-0.00268041	-0.01257732
 1.36037159	 0.00061856	 0.00020619	-0.00226804	-0.01257732
 1.36544764	 0.00020619	 0.00061856	-0.00268041	-0.01257732
 1.37052357	 0.00061856	 0.00020619	-0.00268041	-0.01257732
 1.37559962	 0.00020619	 0.00020619	-0.00268041	-0.01257732
 1.38067567	 0.00061856	 0.00061856	-0.00268041	-0.01257732
 1.38575161	 0.00061856	 0.00061856	-0.00268041	-0.01257732
 1.39082766	 0.00061856	 0.00061856	-0.00226804	-0.01257732
 1.39590371	 0.00061856	 0.00061856	-0.00226804	-0.01257732
 1.40097964	 0.00061856	 0.00061856	-0.00226804	-0.01257732
 1.40605569	 0.00061856	 0.00061856	-0.00226804	-0.01257732
 1.41113174	 0.00061856	 0.00061856	-0.00226804	-0.01257732
 1.41620767	 0.00082474	 0.00061856	-0.00226804	-0.01257732
 1.42128372	 0.00103093	 0.00061856	-0.00226804	-0.01257732
 1.42635977	 0.00061856	 0.00061856	-0.00226804	-0.01257732
 1.43143570	 0.00103093	 0.00103093	-0.00226804	-0.01257732
 1.43651175	 0.00103093	 0.00103093	-0.00226804	-0.01257732
 1.44158781	 0.00103093	 0.00103093	-0.00226804	-0.01257732
 1.44666386	 0.00103093	 0.00123712	-0.00226804	-0.01257732
 1.45173979	 0.00103093	 0.00144330	-0.00185567	-0.01257732
 1.45681584	 0.00123711	 0.00144330	-0.00185567	-0.01257732
 1.46189189	 0.00144330	 0.00144330	-0.00226804	-0.01216495
 1.46696782	 0.00144330	 0.00185567	-0.00268041	-0.01216495
 1.47204387	 0.00144330	 0.00144330	-0.00226804	-0.01216495
 1.47711992	 0.00103093	 0.00185567	-0.00185567	-0.01216495
 1.48219585	 0.00144330	 0.00185567	-0.00185567	-0.01257732
 1.48727190	 0.00144330	 0.00226804	-0.00185567	-0.01216495
 1.49234796	 0.00144330	 0.00226804	-0.00185567	-0.01216495
 1.49742389	 0.00185567	 0.00226804	-0.00185567	-0.01257732
 1.50249994	 0.00185567	 0.00268041	-0.00185567	-0.01257732
 1.50757599	 0.00185567	 0.00268041	-0.00185567	-0.01257732
 1.51265192	 0.00226804	 0.00309278	-0.00185567	-0.01257732
 1.51772797	 0.00226804	 0.00350515	-0.00185567	-0.01257732
 1.52280402	 0.00226804	 0.00350515	-0.00185567	-0.01257732
 1.52787995	 0.00268041	 0.00391753	-0.00185567	-0.01257732
 1.53295600	 0.00268041	 0.00432990	-0.00185567	-0.01216495
 1.53803205	 0.00268041	 0.00432990	-0.00185567	-0.01216495
 1.54310811	 0.00309278	 0.00474227	-0.00185567	-0.01216495
 1.54818404	 0.00309278	 0.00515464	-0.00185567	-0.01216495
 1.55326009	 0.00350515	 0.00556701	-0.00185567	-0.01216495
 1.55833614	 0.00391753	 0.00597938	-0.00185567	-0.01257732
 1.56341207	 0.00391753	 0.00639175	-0.00185567	-0.01216495
 1.56848812	 0.00432990	 0.00680412	-0.00185567	-0.01216495
 1.57356417	 0.00474227	 0.00762887	-0.00185567	-0.01216495
 1.57864010	 0.00474227	 0.00804124	-0.00185567	-0.01216495
 1.58371615	 0.00515464	 0.00845361	-0.00185567	-0.01216495
 1.58879220	 0.00556701	 0.00886598	-0.00185567	-0.01216495
 1.59386814	 0.00597938	 0.00969072	-0.00185567	-0.01257732
 1.59894419	 0.00639175	 0.01051546	-0.00144330	-0.01257732
 1.60402024	 0.00680413	 0.01134022	-0.00144330	-0.01257732
 1.60909617	 0.00721649	 0.01216495	-0.00144330	-0.01216495
 1.61417222	 0.00762887	 0.01298969	-0.00185567	-0.01216495
 1.61924827	 0.00804124	 0.01340206	-0.00144330	-0.01216495
 1.62432432	 0.00886598	 0.01463917	-0.00144330	-0.01216495
 1.62940025	 0.00969072	 0.01587629	-0.00103093	-0.01216495
 1.63447630	 0.00969072	 0.01670103	-0.00103093	-0.01257732
 1.63955235	 0.01092783	 0.01793814	-0.00144330	-0.01216495
 1.64462829	 0.01154638	 0.01896906	-0.00144330	-0.01216495
 1.64970434	 0.01216495	 0.02000000	-0.00103093	-0.01216495
 1.65478039	 0.01298969	 0.02164948	-0.00103093	-0.01216495
 1.65985632	 0.01381443	 0.02247423	-0.00103093	-0.01216495
 1.66493237	 0.01463917	 0.02412371	-0.00103093	-0.01216495
 1.67000842	 0.01546392	 0.02536082	-0.00103093	-0.01216495
 1.67508435	 0.01649483	 0.02721647	-0.00103093	-0.01216495
 1.68016040	 0.01752577	 0.02907216	-0.00061856	-0.01257732
 1.68523645	 0.01688189	 0.02902876	-0.00103093	-0.01216495
 1.69031239	 0.01623802	 0.02898535	-0.00103093	-0.01216495
 1.69538844	 0.01559414	 0.02894194	-0.00103093	-0.01216495
 1.70046449	 0.01495026	 0.02889853	-0.00103093	-0.01216495
 1.70554054	 0.01430638	 0.02885513	-0.00103093	-0.01216495
 1.71061647	 0.01366251	 0.02881172	-0.00103093	-0.01216495
 1.71569252	 0.01301863	 0.02876831	-0.00103093	-0.01216495
 1.72076857	 0.01237474	 0.02872490	-0.00103093	-0.01216495
 1.72584450	 0.01173088	 0.02868150	-0.00103093	-0.01216495
 1.73092055	 0.01108699	 0.02863809	-0.00103093	-0.01216495
 1.73599660	 0.01044311	 0.02859468	-0.00103093	-0.01216495
 1.74107254	 0.00979924	 0.02855127	-0.00103093	-0.01175258
 1.74614859	 0.00915536	 0.02850787	-0.00103093	-0.01175258
 1.75122464	 0.00851148	 0.02846446	-0.00103093	-0.01216495
 1.75630057	 0.00786761	 0.02842105	-0.00061856	-0.01216495
 1.76137662	 0.00722373	 0.02837764	-0.00061856	-0.01216495
 1.76645267	 0.00657985	 0.02833424	-0.00103093	-0.01216495
 1.77152860	 0.00593598	 0.02829083	-0.00103093	-0.01175258
 1.77660465	 0.00529210	 0.02824742	-0.00103093	-0.01175258
 1.78168070	 0.00464821	 0.02820401	-0.00061856	-0.01216495
 1.78675663	 0.00400435	 0.02816061	-0.00020619	-0.01216495
 1.79183269	 0.00336046	 0.02811720	-0.00020619	-0.01216495
 1.79690874	 0.00271658	 0.02807379	-0.00061856	-0.01216495
 1.80198479	 0.00207270	 0.02803038	-0.00103093	-0.01216495
 1.80706072	 0.00142883	 0.02798698	-0.00061856	-0.01216495
 1.81213677	 0.00078495	 0.02794357	-0.00020619	-0.01216495
 1.81721282	 0.00014107	 0.02790016	-0.00061856	-0.01216495
 1.82228875	-0.00050280	 0.02785675	-0.00061856	-0.01216495
 1.82736480	-0.00114668	 0.02781335	-0.00061856	-0.01216495
 1.83244085	-0.00179057	 0.02776994	-0.00020619	-0.01216495
 1.83751678	-0.00243443	 0.02772653	-0.00020619	-0.01216495
 1.84259284	-0.00307832	 0.02768312	-0.00020619	-0.01216495
 1.84766889	-0.00372220	 0.02763972	-0.00020619	-0.01216495
 1.85274482	-0.00436607	 0.02759631	-0.00020619	-0.01216495
 1.85782087	-0.00500995	 0.02755290	-0.00020619	-0.01216495
 1.86289692	-0.00565383	 0.02750949	-0.00020619	-0.01216495
 1.86797285	-0.00629770	 0.02746609	-0.00020619	-0.01216495
 1.87304890	-0.00694158	 0.02742268	-0.00020619	-0.01216495
 1.87812495	-0.00758546	 0.02737927	-0.00020619	-0.01216495
 1.88320100	-0.00822935	 0.02733586	-0.00020619	-0.01216495
 1.88827693	-0.00887321	 0.02729246	-0.00020619	-0.01257732
 1.89335299	-0.00951710	 0.02724905	-0.00020619	-0.01257732
 1.89842904	-0.01016098	 0.02720564	-0.00020619	-0.01216495
 1.90350497	-0.01080485	 0.02716223	-0.00020619	-0.01216495
 1.90858102	-0.01144873	 0.02711883	-0.00020619	-0.01216495
 1.91365707	-0.01209261	 0.02707542	-0.00020619	-0.01216495
 1.91873300	-0.01273648	 0.02703201	-0.00020619	-0.01216495
 1.92380905	-0.01338036	 0.02698860	-0.00020619	-0.01216495
 1.92888510	-0.01402424	 0.02694520	-0.00020619	-0.01216495
 1.93396103	-0.01466811	 0.02690179	-0.00020619	-0.01216495
 1.93903708	-0.01531199	 0.02685838	-0.00020619	-0.01216495
 1.94411314	-0.01595588	 0.02681497	-0.00020619	-0.01216495
 1.94918907	-0.01659974	 0.02677157	-0.00020619	-0.01216495
 1.95426512	-0.01724363	 0.02672816	-0.00061856	-0.01216495
 1.95934117	-0.01788751	 0.02668475	-0.00020619	-0.01216495
 1.96441710	-0.01853138	 0.02664135	-0.00020619	-0.01216495
 1.96949315	-0.01917526	 0.02659794	 0.00020619	-0.01257732
 1.97456920	-0.01893268	 0.02669497	-0.00020619	-0.01257732
 1.97964525	-0.01869011	 0.02679200	-0.00020619	-0.01216495
 1.98472118	-0.01844754	 0.02688902	-0.00020619	-0.01216495
 1.98979723	-0.01820497	 0.02698605	-0.00020619	-0.01257732
 1.99487329	-0.01796240	 0.02708308	-0.00020619	-0.01257732
 1.99994922	-0.01771983	 0.02718011	 0.00020619	-0.01257732
 2.00502515	-0.01747726	 0.02727713	 0.00020619	-0.01257732
 2.01010132	-0.01723469	 0.02737417	 0.00020619	-0.01257732
 2.01517725	-0.01699212	 0.02747119	-0.00020619	-0.01257732
 2.02025342	-0.01674954	 0.02756822	 0.00020619	-0.01257732
 2.02532935	-0.01650697	 0.02766525	-0.00020619	-0.01216495
 2.03040528	-0.01626440	 0.02776228	-0.00020619	-0.01216495
 2.03548145	-0.01602183	 0.02785931	-0.00020619	-0.01216495
 2.04055738	-0.01577926	 0.02795634	-0.00020619	-0.01216495
 2.04563332	-0.01553669	 0.02805336	-0.00020619	-0.01216495
 2.05070949	-0.01529411	 0.02815039	-0.00020619	-0.01257732
 2.05578542	-0.01505155	 0.02824742	-0.00020619	-0.01216495
 2.06086135	-0.01463917	 0.02453608	 0.00020619	-0.01216495
 2.06593752	-0.01298969	 0.02206185	-0.00020619	-0.01257732
 2.07101345	-0.01175258	 0.02000000	-0.00020619	-0.01257732
 2.07608938	-0.01038860	 0.01990484	-0.00020619	-0.01216495
 2.08116555	-0.00902456	 0.01980967	-0.00020619	-0.01216495
 2.08624148	-0.00766058	 0.01971451	-0.00020619	-0.01257732
 2.09131742	-0.00629660	 0.01961935	 0.00020619	-0.01257732
 2.09639359	-0.00493256	 0.01952418	-0.00020619	-0.01216495
 2.10146952	-0.00356859	 0.01942902	-0.00020619	-0.01257732
 2.10654545	-0.00220461	 0.01933386	-0.00020619	-0.01216495
 2.11162162	-0.00084057	 0.01923870	-0.00020619	-0.01216495
 2.11669755	 0.00052341	 0.01914354	-0.00020619	-0.01216495
 2.12177348	 0.00188739	 0.01904837	-0.00020619	-0.01257732
 2.12684965	 0.00325143	 0.01895321	-0.00020619	-0.01257732
 2.13192558	 0.00461540	 0.01885805	-0.00020619	-0.01257732
 2.13700151	 0.00597938	 0.01876289	-0.00020619	-0.01257732
 2.14207768	 0.00648341	 0.02009168	-0.00020619	-0.01257732
 2.14715362	 0.00698741	 0.02142041	-0.00020619	-0.01257732
 2.15222955	 0.00749141	 0.02274914	-0.00020619	-0.01216495
 2.15730572	 0.00799543	 0.02407793	-0.00020619	-0.01257732
 2.16238165	 0.00849943	 0.02540666	-0.00020619	-0.01257732
 2.16745758	 0.00900344	 0.02673540	-0.00020619	-0.01257732
 2.17253375	 0.00950746	 0.02806419	 0.00020619	-0.01257732
 2.17760968	 0.01001146	 0.02939292	 0.00020619	-0.01257732
 2.18268561	 0.01051546	 0.03072165	 0.00020619	-0.01257732
 2.18776178	 0.01103094	 0.03103094	-0.00020619	-0.01257732
 2.19283772	 0.01154639	 0.03134021	-0.00020619	-0.01257732
 2.19791389	 0.01206187	 0.03164949	 0.00020619	-0.01257732
 2.20298982	 0.01257732	 0.03195876	-0.00020619	-0.01257732
 2.20806575	 0.01298969	 0.03072165	-0.00020619	-0.01257732
 2.21314192	 0.01381443	 0.02989691	-0.00020619	-0.01257732
 2.21821785	 0.01457043	 0.03237109	-0.00020619	-0.01257732
 2.22329378	 0.01532644	 0.03484528	-0.00020619	-0.01257732
 2.22836995	 0.01608247	 0.03731959	-0.00061856	-0.01257732
 2.23344588	 0.01683848	 0.03979377	-0.00061856	-0.01257732
 2.23852181	 0.01759448	 0.04226796	-0.00061856	-0.01257732
 2.24359798	 0.01835052	 0.04474227	-0.00020619	-0.01257732
 2.24867392	 0.01917526	 0.04556701	-0.00020619	-0.01257732
 2.25374985	 0.02020616	 0.04639173	-0.00061856	-0.01257732
 2.25882602	 0.02123711	 0.04721649	-0.00061856	-0.01257732
 2.26390195	 0.02261166	 0.05024050	-0.00061856	-0.01257732
 2.26897788	 0.02398621	 0.05326451	-0.00061856	-0.01257732
 2.27405405	 0.02536082	 0.05628866	-0.00020619	-0.01257732
 2.27912998	 0.02618555	 0.05656357	-0.00061856	-0.01257732
 2.28420591	 0.02701028	 0.05683848	-0.00020619	-0.01257732
 2.28928208	 0.02783505	 0.05711340	-0.00020619	-0.01257732
 2.29435802	 0.02563103	 0.05631711	-0.00020619	-0.01298969
 2.29943395	 0.02342702	 0.05552082	-0.00020619	-0.01298969
 2.30451012	 0.02122290	 0.05472449	-0.00061856	-0.01257732
 2.30958605	 0.01901888	 0.05392820	-0.00061856	-0.01257732
 2.31466198	 0.01681486	 0.05313191	-0.00061856	-0.01257732
 2.31973815	 0.01461074	 0.05233559	-0.00061856	-0.01298969
 2.32481408	 0.01240673	 0.05153930	-0.00061856	-0.01257732
 2.32989001	 0.01020271	 0.05074301	-0.00061856	-0.01257732
 2.33496618	 0.00799859	 0.04994668	-0.00061856	-0.01257732
 2.34004211	 0.00579457	 0.04915039	-0.00061856	-0.01257732
 2.34511805	 0.00359055	 0.04835410	-0.00061856	-0.01257732
 2.35019422	 0.00138643	 0.04755777	-0.00061856	-0.01257732
 2.35527015	-0.00081758	 0.04676148	-0.00061856	-0.01257732
 2.36034632	-0.00302170	 0.04596515	-0.00061856	-0.01298969
 2.36542225	-0.00522572	 0.04516886	-0.00061856	-0.01298969
 2.37049818	-0.00742974	 0.04437257	-0.00061856	-0.01298969
 2.37557435	-0.00963386	 0.04357625	-0.00061856	-0.01298969
 2.38065028	-0.01183787	 0.04277996	-0.00061856	-0.01257732
 2.38572621	-0.01404189	 0.04198367	-0.00103093	-0.01257732
 2.39080238	-0.01624601	 0.04118734	-0.00144330	-0.01257732
 2.39587831	-0.01845003	 0.04039105	-0.00103093	-0.01257732
 2.40095425	-0.02065404	 0.03959476	-0.00061856	-0.01298969
 2.40603042	-0.02285816	 0.03879843	-0.00061856	-0.01298969
 2.41110635	-0.02506218	 0.03800214	-0.00103093	-0.01298969
 2.41618228	-0.02726620	 0.03720585	-0.00144330	-0.01257732
 2.42125845	-0.02947032	 0.03640953	-0.00144330	-0.01257732
 2.42633438	-0.03167434	 0.03561324	-0.00144330	-0.01298969
 2.43141031	-0.03387835	 0.03481695	-0.00144330	-0.01257732
 2.43648648	-0.03608247	 0.03402062	-0.00144330	-0.01298969
 2.44156241	-0.03525773	 0.03484536	-0.00144330	-0.01298969
 2.44663835	-0.03411766	 0.03436023	-0.00144330	-0.01298969
 2.45171452	-0.03297755	 0.03387507	-0.00144330	-0.01298969
 2.45679045	-0.03183748	 0.03338993	-0.00144330	-0.01298969
 2.46186638	-0.03069741	 0.03290480	-0.00144330	-0.01298969
 2.46694255	-0.02955729	 0.03241964	-0.00144330	-0.01298969
 2.47201848	-0.02841723	 0.03193451	-0.00144330	-0.01298969
 2.47709441	-0.02727716	 0.03144937	-0.00144330	-0.01340206
 2.48217058	-0.02613704	 0.03096422	-0.00144330	-0.01298969
 2.48724651	-0.02499698	 0.03047908	-0.00144330	-0.01298969
 2.49232244	-0.02385691	 0.02999395	-0.00144330	-0.01340206
 2.49739861	-0.02271679	 0.02950879	-0.00144330	-0.01340206
 2.50247455	-0.02157672	 0.02902366	-0.00144330	-0.01340206
 2.50755048	-0.02043666	 0.02853852	-0.00144330	-0.01340206
 2.51262665	-0.01929654	 0.02805336	-0.00103093	-0.01340206
 2.51770258	-0.01815647	 0.02756823	-0.00144330	-0.01340206
 2.52277851	-0.01701641	 0.02708309	-0.00144330	-0.01340206
 2.52785468	-0.01587629	 0.02659794	-0.00103093	-0.01340206
 2.53293061	-0.01340206	 0.02329897	-0.00144330	-0.01340206
 2.53800678	-0.01010309	 0.01793814	-0.00144330	-0.01340206
 2.54308271	-0.00927835	 0.01752577	-0.00144330	-0.01340206
 2.54815865	-0.00948453	 0.01764948	-0.00144330	-0.01340206
 2.55323482	-0.00969073	 0.01777320	-0.00144330	-0.01340206
 2.55831075	-0.00989691	 0.01789691	-0.00144330	-0.01340206
 2.56338668	-0.01010309	 0.01802062	-0.00144330	-0.01340206
 2.56846285	-0.01030928	 0.01814433	-0.00144330	-0.01340206
 2.57353878	-0.01051547	 0.01826804	-0.00144330	-0.01340206
 2.57861471	-0.01072165	 0.01839175	-0.00144330	-0.01340206
 2.58369088	-0.01092784	 0.01851547	-0.00144330	-0.01340206
 2.58876681	-0.01113402	 0.01863918	-0.00144330	-0.01340206
 2.59384274	-0.01134021	 0.01876289	-0.00144330	-0.01340206
 2.59891891	-0.01051546	 0.01670103	-0.00144330	-0.01340206
 2.60399485	-0.00985568	 0.01657732	-0.00144330	-0.01340206
 2.60907078	-0.00919589	 0.01645361	-0.00144330	-0.01340206
 2.61414695	-0.00853608	 0.01632990	-0.00144330	-0.01340206
 2.61922288	-0.00787629	 0.01620619	-0.00144330	-0.01340206
 2.62429881	-0.00721651	 0.01608248	-0.00144330	-0.01340206
 2.62937498	-0.00655669	 0.01595876	-0.00144330	-0.01340206
 2.63445091	-0.00589691	 0.01583505	-0.00144330	-0.01340206
 2.63952684	-0.00523713	 0.01571134	-0.00144330	-0.01340206
 2.64460301	-0.00457731	 0.01558763	-0.00144330	-0.01340206
 2.64967895	-0.00391753	 0.01546392	-0.00144330	-0.01340206
 2.65475488	-0.00391753	 0.01548355	-0.00144330	-0.01340206
 2.65983105	-0.00391753	 0.01550319	-0.00144330	-0.01340206
 2.66490698	-0.00391753	 0.01552283	-0.00144330	-0.01340206
 2.66998291	-0.00391753	 0.01554246	-0.00144330	-0.01340206
 2.67505908	-0.00391753	 0.01556210	-0.00144330	-0.01340206
 2.68013501	-0.00391753	 0.01558174	-0.00144330	-0.01340206
 2.68521094	-0.00391753	 0.01560137	-0.00144330	-0.01340206
 2.69028711	-0.00391753	 0.01562101	-0.00144330	-0.01340206
 2.69536304	-0.00391753	 0.01564065	-0.00144330	-0.01340206
 2.70043898	-0.00391753	 0.01566028	-0.00144330	-0.01340206
 2.70551515	-0.00391753	 0.01567992	-0.00144330	-0.01340206
 2.71059108	-0.00391753	 0.01569956	-0.00144330	-0.01340206
 2.71566725	-0.00391753	 0.01571919	-0.00185567	-0.01340206
 2.72074318	-0.00391753	 0.01573883	-0.00144330	-0.01381443
 2.72581911	-0.00391753	 0.01575847	-0.00144330	-0.01381443
 2.73089528	-0.00391753	 0.01577810	-0.00144330	-0.01340206
 2.73597121	-0.00391753	 0.01579774	-0.00144330	-0.01340206
 2.74104714	-0.00391753	 0.01581738	-0.00144330	-0.01381443
 2.74612331	-0.00391753	 0.01583701	-0.00144330	-0.01381443
 2.75119925	-0.00391753	 0.01585665	-0.00144330	-0.01381443
 2.75627518	-0.00391753	 0.01587629	-0.00144330	-0.01381443
 2.76135135	-0.00325771	 0.01538143	-0.00144330	-0.01381443
 2.76642728	-0.00259793	 0.01488659	-0.00144330	-0.01381443
 2.77150321	-0.00193815	 0.01439176	-0.00144330	-0.01381443
 2.77657938	-0.00127834	 0.01389690	-0.00144330	-0.01381443
 2.78165531	-0.00061856	 0.01340206	-0.00144330	-0.01381443
 2.78673124	 0.00041235	 0.01360824	-0.00144330	-0.01381443
 2.79180741	 0.00144330	 0.01381443	-0.00144330	-0.01381443
 2.79688334	 0.00213057	 0.01367698	-0.00144330	-0.01381443
 2.80195928	 0.00281785	 0.01353952	-0.00144330	-0.01381443
 2.80703545	 0.00350515	 0.01340206	-0.00144330	-0.01381443
 2.81211138	 0.00419243	 0.01326461	-0.00185567	-0.01381443
 2.81718731	 0.00487970	 0.01312715	-0.00185567	-0.01381443
 2.82226348	 0.00556701	 0.01298969	-0.00144330	-0.01381443
 2.82733941	 0.00639175	 0.01381443	-0.00185567	-0.01381443
 2.83241534	 0.00721649	 0.01381443	-0.00185567	-0.01381443
 2.83749151	 0.00706185	 0.01515468	-0.00185567	-0.01381443
 2.84256744	 0.00690721	 0.01649486	-0.00185567	-0.01381443
 2.84764338	 0.00675258	 0.01783504	-0.00185567	-0.01381443
 2.85271955	 0.00659793	 0.01917529	-0.00185567	-0.01381443
 2.85779548	 0.00644330	 0.02051547	-0.00185567	-0.01381443
 2.86287141	 0.00628866	 0.02185565	-0.00144330	-0.01381443
 2.86794758	 0.00613402	 0.02319590	-0.00185567	-0.01381443
 2.87302351	 0.00597938	 0.02453608	-0.00185567	-0.01381443
 2.87809944	 0.00556701	 0.02453608	-0.00185567	-0.01381443
 2.88317561	 0.00515464	 0.02412371	-0.00185567	-0.01381443
 2.88825154	 0.00520046	 0.02403207	-0.00185567	-0.01381443
 2.89332771	 0.00524628	 0.02394043	-0.00185567	-0.01381443
 2.89840364	 0.00529210	 0.02384880	-0.00185567	-0.01381443
 2.90347958	 0.00533791	 0.02375716	-0.00185567	-0.01381443
 2.90855575	 0.00538373	 0.02366552	-0.00185567	-0.01381443
 2.91363168	 0.00542955	 0.02357388	-0.00185567	-0.01381443
 2.91870761	 0.00547537	 0.02348225	-0.00185567	-0.01381443
 2.92378378	 0.00552119	 0.02339060	-0.00185567	-0.01381443
 2.92885971	 0.00556701	 0.02329897	-0.00226804	-0.01381443
 2.93393564	 0.00525774	 0.02489688	-0.00185567	-0.01381443
 2.93901181	 0.00494845	 0.02649486	-0.00185567	-0.01381443
 2.94408774	 0.00463918	 0.02809277	-0.00185567	-0.01381443
 2.94916368	 0.00432990	 0.02969068	-0.00185567	-0.01381443
 2.95423985	 0.00402062	 0.03128867	-0.00185567	-0.01381443
 2.95931578	 0.00371134	 0.03288658	-0.00185567	-0.01381443
 2.96439171	 0.00340207	 0.03448449	-0.00185567	-0.01381443
 2.96946788	 0.00309278	 0.03608247	-0.00144330	-0.01381443
 2.97454381	 0.00309278	 0.03525773	-0.00144330	-0.01381443
 2.97961974	 0.00268041	 0.03443299	-0.00185567	-0.01381443
 2.98469591	 0.00268041	 0.03402062	-0.00185567	-0.01381443
 2.98977184	 0.00268041	 0.03319588	-0.00185567	-0.01381443
 2.99484777	 0.00268041	 0.03319588	-0.00185567	-0.01381443
 2.99992394	 0.00268041	 0.03278350	-0.00144330	-0.01381443
 3.00499988	 0.00268041	 0.03237113	-0.00144330	-0.01381443
 3.01007581	 0.00268041	 0.03195876	-0.00185567	-0.01381443
 3.01515198	 0.00309279	 0.03113400	-0.00185567	-0.01381443
 3.02022791	 0.00350515	 0.03030928	-0.00185567	-0.01381443
 3.02530384	 0.00391752	 0.02969073	-0.00144330	-0.01381443
 3.03038001	 0.00432990	 0.02907216	-0.00185567	-0.01381443
 3.03545594	 0.00474227	 0.02907216	-0.00144330	-0.01381443
 3.04053187	 0.00515464	 0.02907216	-0.00144330	-0.01381443
 3.04560804	 0.00505154	 0.03134026	-0.00185567	-0.01381443
 3.05068398	 0.00494845	 0.03360825	-0.00185567	-0.01381443
 3.05575991	 0.00484536	 0.03587623	-0.00144330	-0.01381443
 3.06083608	 0.00474227	 0.03814433	-0.00144330	-0.01381443
 3.06591201	 0.00405499	 0.03761742	-0.00185567	-0.01381443
 3.07098818	 0.00336769	 0.03709048	-0.00144330	-0.01381443
 3.07606411	 0.00268041	 0.03656357	-0.00144330	-0.01381443
 3.08114004	 0.00199314	 0.03603666	-0.00144330	-0.01381443
 3.08621621	 0.00130583	 0.03550973	-0.00144330	-0.01381443
 3.09129214	 0.00061856	 0.03498282	-0.00144330	-0.01381443
 3.09636807	-0.00006872	 0.03445591	-0.00185567	-0.01381443
 3.10144424	-0.00075602	 0.03392897	-0.00144330	-0.01381443
 3.10652018	-0.00144330	 0.03340206	-0.00144330	-0.01381443
 3.11159611	-0.00213057	 0.03287515	-0.00144330	-0.01381443
 3.11667228	-0.00281788	 0.03234821	-0.00144330	-0.01381443
 3.12174821	-0.00350515	 0.03182130	-0.00144330	-0.01381443
 3.12682414	-0.00419243	 0.03129439	-0.00144330	-0.01381443
 3.13190031	-0.00487974	 0.03076746	-0.00144330	-0.01381443
 3.13697624	-0.00556701	 0.03024055	-0.00144330	-0.01381443
 3.14205217	-0.00625428	 0.02971364	-0.00144330	-0.01381443
 3.14712834	-0.00694159	 0.02918670	-0.00144330	-0.01381443
 3.15220428	-0.00762887	 0.02865979	-0.00144330	-0.01381443
 3.15728021	-0.00680414	 0.02639181	-0.00144330	-0.01381443
 3.16235638	-0.00597938	 0.02412371	-0.00144330	-0.01381443
 3.16743231	-0.00577320	 0.02556699	-0.00144330	-0.01381443
 3.17250824	-0.00556702	 0.02701026	-0.00144330	-0.01381443
 3.17758441	-0.00536082	 0.02845361	-0.00144330	-0.01381443
 3.18266034	-0.00515464	 0.02989688	-0.00144330	-0.01381443
 3.18773627	-0.00494846	 0.03134016	-0.00144330	-0.01381443
 3.19281244	-0.00474227	 0.03278351	-0.00144330	-0.01422680
 3.19788837	-0.00453609	 0.03422678	-0.00144330	-0.01381443
 3.20296431	-0.00432990	 0.03567006	-0.00144330	-0.01381443
 3.20804048	-0.00412371	 0.03711340	-0.00144330	-0.01381443
 3.21311641	-0.00391753	 0.03855668	-0.00144330	-0.01381443
 3.21819234	-0.00371135	 0.03999996	-0.00144330	-0.01381443
 3.22326851	-0.00350515	 0.04144330	-0.00144330	-0.01381443
 3.22834444	-0.00362297	 0.03926365	-0.00144330	-0.01381443
 3.23342037	-0.00374079	 0.03708401	-0.00144330	-0.01381443
 3.23849654	-0.00385862	 0.03490426	-0.00144330	-0.01381443
 3.24357247	-0.00397644	 0.03272461	-0.00144330	-0.01381443
 3.24864864	-0.00409426	 0.03054486	-0.00144330	-0.01381443
 3.25372458	-0.00421208	 0.02836521	-0.00144330	-0.01381443
 3.25880051	-0.00432990	 0.02618557	-0.00144330	-0.01381443
 3.26387668	-0.00350515	 0.02577320	-0.00144330	-0.01381443
 3.26895261	-0.00309278	 0.02577320	-0.00144330	-0.01381443
 3.27402854	-0.00268041	 0.02618557	-0.00144330	-0.01381443
 3.27910471	-0.00226804	 0.02701031	-0.00144330	-0.01381443
 3.28418064	-0.00268041	 0.02824742	-0.00144330	-0.01381443
 3.28925657	-0.00185567	 0.02948453	-0.00144330	-0.01381443
 3.29433274	-0.00185567	 0.03030930	-0.00144330	-0.01381443
 3.29940867	-0.00185567	 0.03113402	-0.00144330	-0.01381443
 3.30448461	-0.00185567	 0.03154638	-0.00144330	-0.01381443
 3.30956078	-0.00185567	 0.03195876	-0.00103093	-0.01381443
 3.31463671	-0.00226804	 0.03237113	-0.00144330	-0.01381443
 3.31971264	-0.00226804	 0.03113402	-0.00144330	-0.01381443
 3.32478881	-0.00226804	 0.02989691	-0.00144330	-0.01381443
 3.32986474	-0.00226804	 0.02865979	-0.00144330	-0.01381443
 3.33494067	-0.00268041	 0.02783505	-0.00144330	-0.01381443
 3.34001684	-0.00226804	 0.02742268	-0.00144330	-0.01381443
 3.34509277	-0.00268041	 0.02659794	-0.00144330	-0.01381443
 3.35016870	-0.00226804	 0.02618557	-0.00144330	-0.01381443
 3.35524487	-0.00206185	 0.02556700	-0.00103093	-0.01381443
 3.36032081	-0.00185567	 0.02494845	-0.00103093	-0.01381443
 3.36539674	-0.00185567	 0.02536082	-0.00103093	-0.01381443
 3.37047291	-0.00144330	 0.02453608	-0.00103093	-0.01381443
 3.37554884	-0.00103093	 0.02494845	-0.00103093	-0.01381443
 3.38062477	-0.00020619	 0.02494845	-0.00103093	-0.01381443
 3.38570094	-0.00020619	 0.02536082	-0.00103093	-0.01381443
 3.39077687	 0.00020619	 0.02577320	-0.00103093	-0.01381443
 3.39585280	 0.00103093	 0.02577320	-0.00103093	-0.01381443
 3.40092897	 0.00103093	 0.02659794	-0.00103093	-0.01381443
 3.40600491	 0.00123711	 0.02711340	-0.00103093	-0.01381443
 3.41108108	 0.00144330	 0.02762888	-0.00103093	-0.01381443
 3.41615701	 0.00164949	 0.02814433	-0.00103093	-0.01381443
 3.42123294	 0.00185567	 0.02865979	-0.00103093	-0.01381443
 3.42630911	 0.00226804	 0.02907216	-0.00103093	-0.01381443
 3.43138504	 0.00226804	 0.02989691	-0.00061856	-0.01381443
 3.43646097	 0.00226804	 0.03030928	-0.00061856	-0.01381443
 3.44153714	 0.00226804	 0.03113402	-0.00061856	-0.01422680
 3.44661307	 0.00226804	 0.03154639	-0.00061856	-0.01381443
 3.45168900	 0.00210310	 0.03245359	-0.00061856	-0.01422680
 3.45676517	 0.00193814	 0.03336083	-0.00061856	-0.01381443
 3.46184111	 0.00177320	 0.03426803	-0.00061856	-0.01381443
 3.46691704	 0.00160825	 0.03517523	-0.00061856	-0.01381443
 3.47199321	 0.00144330	 0.03608247	-0.00061856	-0.01381443
 3.47706914	 0.00089348	 0.03608247	-0.00061856	-0.01422680
 3.48214507	 0.00034366	 0.03608247	-0.00061856	-0.01422680
 3.48722124	-0.00020619	 0.03608247	-0.00061856	-0.01422680
 3.49229717	-0.00061856	 0.03463917	-0.00061856	-0.01422680
 3.49737310	-0.00103093	 0.03319588	-0.00061856	-0.01422680
 3.50244927	-0.00144330	 0.03113402	-0.00061856	-0.01422680
 3.50752521	-0.00185567	 0.02907216	-0.00020619	-0.01422680
 3.51260114	-0.00226804	 0.02742268	-0.00020619	-0.01422680
 3.51767731	-0.00226804	 0.02577320	-0.00020619	-0.01422680
 3.52275324	-0.00268041	 0.02453608	-0.00020619	-0.01422680
 3.52782917	-0.00309278	 0.02329897	-0.00020619	-0.01422680
 3.53290534	-0.00288659	 0.02268040	 0.00020619	-0.01422680
 3.53798127	-0.00268041	 0.02206185	-0.00020619	-0.01381443
 3.54305720	-0.00268041	 0.02268040	-0.00061856	-0.01381443
 3.54813337	-0.00268041	 0.02329898	-0.00061856	-0.01381443
 3.55320930	-0.00268041	 0.02391753	-0.00061856	-0.01381443
 3.55828524	-0.00268041	 0.02453608	-0.00061856	-0.01381443
 3.56336141	-0.00268041	 0.02577322	-0.00020619	-0.01422680
 3.56843734	-0.00268041	 0.02701031	 0.00020619	-0.01463917
 3.57351327	-0.00268041	 0.02824742	 0.00020619	-0.01463917
 3.57858944	-0.00268041	 0.02948453	-0.00061856	-0.01422680
 3.58366537	-0.00350515	 0.03072165	-0.00103093	-0.01340206
 3.58874154	-0.00350515	 0.03113402	-0.00144330	-0.01257732
 3.59381747	-0.00350515	 0.03113402	-0.00185567	-0.01216495
 3.59889340	-0.00432990	 0.03154639	-0.00185567	-0.01216495
 3.60396957	-0.00432990	 0.03113402	-0.00185567	-0.01257732
 3.60904551	-0.00432990	 0.03072165	-0.00144330	-0.01257732
 3.61412144	-0.00432990	 0.02989691	-0.00103093	-0.01298969
 3.61919761	-0.00474227	 0.02907216	-0.00061856	-0.01381443
 3.62427354	-0.00515464	 0.02783505	-0.00103093	-0.01381443
 3.62934947	-0.00474227	 0.02701031	-0.00144330	-0.01340206
 3.63442564	-0.00515464	 0.02659794	-0.00144330	-0.01340206
 3.63950157	-0.00515464	 0.02618557	-0.00144330	-0.01381443
 3.64457750	-0.00515464	 0.02577320	-0.00103093	-0.01381443
 3.64965367	-0.00515464	 0.02536082	-0.00061856	-0.01422680
 3.65472960	-0.00515464	 0.02494845	-0.00061856	-0.01463917
 3.65980554	-0.00556701	 0.02453608	-0.00061856	-0.01463917
 3.66488171	-0.00597938	 0.02412371	-0.00061856	-0.01422680
 3.66995764	-0.00597938	 0.02329897	-0.00144330	-0.01422680
 3.67503357	-0.00597938	 0.02247423	-0.00144330	-0.01381443
 3.68010974	-0.00597938	 0.02164948	-0.00144330	-0.01381443
 3.68518567	-0.00597938	 0.02123711	-0.00144330	-0.01381443
 3.69026160	-0.00597938	 0.01958763	-0.00144330	-0.01422680
 3.69533777	-0.00577319	 0.01876287	-0.00144330	-0.01422680
 3.70041370	-0.00556701	 0.01793814	-0.00185567	-0.01463917
 3.70548964	-0.00536083	 0.01711342	-0.00185567	-0.01422680
 3.71056581	-0.00515464	 0.01628866	-0.00226804	-0.01422680
 3.71564174	-0.00515464	 0.01567010	-0.00226804	-0.01422680
 3.72071767	-0.00515464	 0.01505155	-0.00226804	-0.01422680
 3.72579384	-0.00515464	 0.01443297	-0.00226804	-0.01463917
 3.73086977	-0.00515464	 0.01381443	-0.00226804	-0.01463917
 3.73594570	-0.00474227	 0.01381443	-0.00226804	-0.01463917
 3.74102187	-0.00474227	 0.01381443	-0.00268041	-0.01463917
 3.74609780	-0.00432990	 0.01381443	-0.00309278	-0.01463917
 3.75117373	-0.00432990	 0.01422680	-0.00309278	-0.01505155
 3.75624990	-0.00391753	 0.01422680	-0.00350515	-0.01505155
 3.76132584	-0.00350515	 0.01463917	-0.00391753	-0.01505155
 3.76640201	-0.00350515	 0.01463917	-0.00391753	-0.01505155
 3.77147794	-0.00309278	 0.01463917	-0.00432990	-0.01505155
 3.77655387	-0.00268041	 0.01422680	-0.00432990	-0.01546392
 3.78163004	-0.00268041	 0.01381443	-0.00474227	-0.01546392
 3.78670597	-0.00226804	 0.01340206	-0.00515464	-0.01546392
 3.79178190	-0.00185567	 0.01257732	-0.00556701	-0.01546392
 3.79685807	-0.00185567	 0.01216495	-0.00639175	-0.01546392
 3.80193400	-0.00144330	 0.01134021	-0.00680412	-0.01587629
 3.80700994	-0.00144330	 0.01092783	-0.00721649	-0.01587629
 3.81208611	-0.00144330	 0.01010309	-0.00762887	-0.01628866
 3.81716204	-0.00103093	 0.00969072	-0.00845361	-0.01628866
 3.82223797	-0.00103093	 0.00886598	-0.00886598	-0.01628866
 3.82731414	-0.00103093	 0.00865979	-0.00969072	-0.01670103
 3.83239007	-0.00103093	 0.00845361	-0.01010309	-0.01670103
 3.83746600	-0.00103093	 0.00804124	-0.01051546	-0.01670103
 3.84254217	-0.00103093	 0.00762887	-0.01175258	-0.01670103
 3.84761810	-0.00061856	 0.00762887	-0.01257732	-0.01711340
 3.85269403	-0.00103093	 0.00762887	-0.01381443	-0.01711340
 3.85777020	-0.00061856	 0.00762887	-0.01546392	-0.01752577
 3.86284614	-0.00061856	 0.00721649	-0.01628866	-0.01793814
 3.86792207	-0.00061856	 0.00721649	-0.01711340	-0.01835052
 3.87299824	-0.00061856	 0.00721649	-0.01876289	-0.01876289
 3.87807417	-0.00061856	 0.00721649	-0.02000000	-0.01876289
 3.88315010	-0.00061856	 0.00762887	-0.02123711	-0.01917526
 3.88822627	-0.00061856	 0.00804124	-0.02329897	-0.01958763
 3.89330220	-0.00020619	 0.00845361	-0.02536082	-0.02000000
 3.89837813	-0.00020619	 0.00886598	-0.02742268	-0.02041237
 3.90345430	-0.00020619	 0.00969072	-0.02962206	-0.02096222
 3.90853024	 0.00020619	 0.01010309	-0.03182134	-0.02151204
 3.91360617	 0.00020619	 0.01051546	-0.03402062	-0.02206185
 3.91868234	 0.00061856	 0.01134021		
 3.92375827	 0.00061856	 0.01175258		
 3.92883420	 0.00103093	 0.01216495		
 3.93391037	 0.00144330	 0.01216495		
 3.93898630	 0.00144330	 0.01257732		
 3.94913840	 0.00185567	 0.01216495		
 3.95421433	 0.00185567	 0.01216495		
 3.95929050	 0.00226804	 0.01175258		
 3.96436644	 0.00226804	 0.01092783		
 3.96944237	 0.00226804	 0.01092783		
 3.97451854	 0.00185567	 0.01010309		
 3.97959447	 0.00185567	 0.00969072		
 3.98467040	 0.00144330	 0.00969072		
 3.99989843	 0.00103093	 0.00927835		
 4.01512671	 0.00061856	 0.01010309		
 4.02020264	 0.00061856	 0.01051546		
 4.02527857	 0.00061856	 0.01051546		
 4.03035450	 0.00020619	 0.01051546		
 4.03543043	 0.00020619	 0.01092783		
 4.04050684	 0.00020619	 0.01092783		
 4.04558277	-0.00020619	 0.01092783		
 4.05065870	 0.00020619	 0.01092783		
 4.05573463	-0.00020619	 0.01092783		
 4.06081057	-0.00020619	 0.01092783		
 4.06588650	-0.00020619	 0.01092783		
 4.07096291	-0.00020619	 0.01092783		
 4.07603884	-0.00020619	 0.01134021		
 4.08111477	-0.00061856	 0.01092783		
 4.08619070	-0.00061856	 0.01092783		
 4.09126663	-0.00061856	 0.01134021		
 4.09634256	-0.00061856	 0.01134021		
 4.10141897	-0.00103093	 0.01134021		
 4.10649490	-0.00103093	 0.01134021		
 4.11157084	-0.00103093	 0.01134021		
 4.11664677	-0.00103093	 0.01134021		
 4.12172270	-0.00103093	 0.01134021		
 4.12679863	-0.00103093	 0.01134021		
 4.13187504	-0.00103093	 0.01092783		
 4.13695097	-0.00103093	 0.01092783		
 4.14202690	-0.00144330	 0.01092783		
 4.14710283	-0.00144330	 0.01051546		
 4.15217876	-0.00185567	 0.01010309		
 4.16233110	-0.00185567	 0.01010309		
 4.16740704	-0.00185567	 0.01010309		
 4.17248297	-0.00185567	 0.00969072		
 4.17755890	-0.00185567	 0.00969072		
 4.18263483	-0.00185567	 0.00969072		
 4.18771076	-0.00185567	 0.01010309		
 4.19278717	-0.00185567	 0.01010309		
 4.20293903	-0.00185567	 0.01051546		
 4.20801497	-0.00144330	 0.01051546		
 4.21309090	-0.00185567	 0.01051546		
 4.21816730	-0.00144330	 0.01092783		
 4.22324324	-0.00144330	 0.01092783		
 4.22831917	-0.00144330	 0.01092783		
 4.23847103	-0.00144330	 0.01051546		
 4.24354696	-0.00144330	 0.01051546		
 4.24862337	-0.00103093	 0.01010309		
 4.25369930	-0.00144330	 0.01010309		
 4.25877523	-0.00103093	 0.00927835		
 4.26385117	-0.00103093	 0.00886598		
 4.26892710	-0.00144330	 0.00886598		
 4.27400303	-0.00103093	 0.00845361		
 4.27907944	-0.00103093	 0.00804124		
 4.28415537	-0.00103093	 0.00762887		
 4.28923130	-0.00103093	 0.00721649		
 4.29430723	-0.00103093	 0.00721649		
 4.29938316	-0.00103093	 0.00680412		
 4.30953550	-0.00103093	 0.00639175		
 4.31968737	-0.00061856	 0.00597938		
 4.32983923	-0.00061856	 0.00597938		
 4.33999157	-0.00020619	 0.00556701		
 4.35014343	 0.00020619	 0.00515464		
 4.36029530	-0.00020619	 0.00474227		
 4.37044764	 0.00061856	 0.00474227		
 4.37552357	 0.00061856	 0.00474227		
 4.38059950	 0.00061856	 0.00474227		
 4.38567543	 0.00061856	 0.00474227		
 4.39075136	 0.00061856	 0.00474227		
 4.39582777	 0.00061856	 0.00474227		
 4.40090370	 0.00061856	 0.00474227		
 4.40597963	 0.00061856	 0.00474227		
 4.41105556	 0.00061856	 0.00515464		
 4.41613150	 0.00061856	 0.00515464		
 4.42120743	 0.00061856	 0.00556701		
 4.42628384	 0.00061856	 0.00597938		
 4.43135977	 0.00061856	 0.00597938		
 4.43643570	 0.00020619	 0.00597938		
 4.44151163	 0.00020619	 0.00597938		
 4.44658756	-0.00020619	 0.00639175		
 4.45166349	 0.00020619	 0.00597938		
 4.45673990	-0.00020619	 0.00639175		
 4.46181583	 0.00020619	 0.00597938		
 4.46689177	-0.00020619	 0.00639175		
 4.47196770	 0.00020619	 0.00597938		
 4.47704363	-0.00020619	 0.00597938		
 4.48211956	 0.00020619	 0.00556701		
 4.48719597	-0.00020619	 0.00556701		
 4.49227190	-0.00020619	 0.00556701		
 4.49734783	-0.00020619	 0.00597938		
 4.50242376	-0.00061856	 0.00597938		
 4.50749969	-0.00020619	 0.00556701		
 4.51257563	-0.00020619	 0.00597938		
 4.52272797	-0.00061856	 0.00639175		
 4.52780390	-0.00061856	 0.00597938		
 4.53287983	-0.00061856	 0.00597938		
 4.53795576	-0.00061856	 0.00597938		
 4.54303169	-0.00061856	 0.00639175		
 4.54810810	-0.00061856	 0.00597938		
 4.55318403	-0.00103093	 0.00597938		
 4.55825996	-0.00103093	 0.00597938		
 4.56333590	-0.00103093	 0.00597938		
 4.56841183	-0.00103093	 0.00597938		
 4.57348824	-0.00103093	 0.00556701		
 4.57856417	-0.00103093	 0.00556701		
 4.58364010	-0.00103093	 0.00515464		
 4.58871603	-0.00103093	 0.00474227		
 4.59379196	-0.00103093	 0.00474227		
 4.59886789	-0.00103093	 0.00432990		
 4.60394430	-0.00103093	 0.00391753		
 4.60902023	-0.00103093	 0.00350515		
 4.61409616	-0.00103093	 0.00391753		
 4.61917210	-0.00103093	 0.00309278		
 4.62424803	-0.00144330	 0.00309278		
 4.62932396	-0.00144330	 0.00226804		
 4.63440037	-0.00103093	 0.00268041		
 4.63947630	-0.00144330	 0.00185567		
 4.64962816	-0.00144330	 0.00144330		
 4.65978003	-0.00144330	 0.00061856		
 4.66485643	-0.00144330	 0.00061856		
 4.66993237	-0.00144330	 0.00020619		
 4.67500830	-0.00144330	 0.00020619		
 4.68008423	-0.00144330	-0.00020619		
 4.69023609	-0.00144330	-0.00020619		
 4.70038843	-0.00144330	-0.00020619		
 4.71054029	-0.00144330	 0.00020619		
 4.71561623	-0.00185567	-0.00020619		
 4.72069263	-0.00103093	 0.00020619		
 4.73084450	-0.00103093	 0.00061856		
 4.74099636	-0.00061856	 0.00061856		
 4.75114870	-0.00061856	 0.00020619		
 4.75622463	-0.00103093	 0.00020619		
 4.76130056	-0.00061856	-0.00020619		
 4.76637650	-0.00061856	-0.00020619		
 4.77145243	-0.00020619	-0.00061856		
 4.77652836	-0.00020619	-0.00144330		
 4.78160477	-0.00020619	-0.00144330		
 4.78668070	-0.00020619	-0.00144330		
 4.79175663	-0.00020619	-0.00185567		
 4.79683256	-0.00020619	-0.00226804		
 4.80190849	-0.00020619	-0.00226804		
 4.80698442	-0.00020619	-0.00268041		
 4.81206083	-0.00020619	-0.00268041		
 4.81713676	-0.00020619	-0.00268041		
 4.82221270	-0.00020619	-0.00268041		
 4.82728863	-0.00020619	-0.00226804		
 4.83236456	-0.00020619	-0.00226804		
 4.83744049	-0.00061856	-0.00226804		
 4.84251690	-0.00061856	-0.00226804		
 4.84759283	-0.00020619	-0.00226804		
 4.85266876	-0.00020619	-0.00226804		
 4.85774469	-0.00020619	-0.00226804		
 4.86282063	-0.00020619	-0.00226804		
 4.86789656	-0.00020619	-0.00226804		
 4.87297297	-0.00020619	-0.00226804		
 4.87804890	 0.00020619	-0.00226804		
 4.88820076	 0.00020619	-0.00226804		
 4.89327669	 0.00020619	-0.00226804		
 4.89835310	 0.00020619	-0.00268041		
 4.90850496	 0.00061856	-0.00268041		
 4.91865683	 0.00061856	-0.00309278		
 4.92880917	 0.00061856	-0.00309278		
 4.93896103	 0.00061856	-0.00309278		
 4.94403696	 0.00061856	-0.00432990		
 4.94911289	 0.00103093	-0.00350515		
 4.95926523	 0.00103093	-0.00350515		
 4.96434116	 0.00103093	-0.00350515		
 4.96941710	 0.00103093	-0.00309278		
 4.97956896	 0.00103093	-0.00309278		
 4.98972130	 0.00103093	-0.00309278		
 4.99479723	 0.00020619	-0.00268041		
 4.99987316	 0.00103093	-0.00268041		
 5.00494909	 0.00020619	-0.00226804		
 5.01002502	 0.00061856	-0.00268041		
 5.02017736	 0.00061856	-0.00226804		
 5.03032923	 0.00061856	-0.00226804		
 5.04048109	 0.00061856	-0.00226804		
 5.05063343	 0.00061856	-0.00226804		
 5.05570936	 0.00020619	-0.00185567		
 5.06078529	 0.00020619	-0.00185567		
 5.06586123	-0.00020619	-0.00185567		
 5.07093716	 0.00020619	-0.00185567		
 5.07601357	-0.00020619	-0.00185567		
 5.08108950	 0.00020619	-0.00226804		
 5.08616543	-0.00020619	-0.00185567		
 5.09124136	-0.00020619	-0.00226804		
 5.09631729	-0.00020619	-0.00226804		
 5.10139322	-0.00020619	-0.00268041		
 5.10646963	-0.00020619	-0.00268041		
 5.11154556	-0.00020619	-0.00268041		
 5.11662149	-0.00061856	-0.00268041		
 5.12169743	-0.00020619	-0.00268041		
 5.12677336	-0.00020619	-0.00309278		
 5.13184929	-0.00061856	-0.00268041		
 5.13692570	-0.00061856	-0.00309278		
 5.14200163	-0.00061856	-0.00309278		
 5.14707756	-0.00020619	-0.00268041		
 5.15215349	-0.00020619	-0.00309278		
 5.15722942	-0.00020619	-0.00309278		
 5.16230536	-0.00020619	-0.00309278		
 5.16738176	-0.00020619	-0.00350515		
 5.17245770	-0.00020619	-0.00309278		
 5.17753363	-0.00020619	-0.00350515		
 5.18260956	-0.00020619	-0.00350515		
 5.18768549	-0.00020619	-0.00350515		
 5.19276142	-0.00020619	-0.00350515		
 5.19783783	 0.00020619	-0.00391753		
 5.20291376	-0.00020619	-0.00391753		
 5.20798969	 0.00020619	-0.00432990		
 5.21306562	-0.00020619	-0.00432990		
 5.21814156	 0.00020619	-0.00432990		
 5.22321749	-0.00020619	-0.00432990		
 5.22829390	 0.00020619	-0.00432990		
 5.23336983	 0.00020619	-0.00432990		
 5.23844576	 0.00020619	-0.00432990		
 5.24352169	 0.00061856	-0.00391753		
 5.24859762	 0.00061856	-0.00432990		
 5.25874996	 0.00061856	-0.00432990		
 5.26890182	 0.00061856	-0.00391753		
 5.27397776	 0.00061856	-0.00391753		
 5.27905369	 0.00061856	-0.00350515		
 5.28413010	 0.00061856	-0.00350515		
 5.28920603	 0.00103093	-0.00350515		
 5.29935789	 0.00103093	-0.00309278		
 5.30443382	 0.00061856	-0.00309278		
 5.30950975	 0.00103093	-0.00268041		
 5.31458616	 0.00103093	-0.00226804		
 5.31966209	 0.00103093	-0.00226804		
 5.32981396	 0.00103093	-0.00185567		
 5.33488989	 0.00103093	-0.00185567		
 5.33996582	 0.00144330	-0.00185567		
 5.34504223	 0.00103093	-0.00185567		
 5.35011816	 0.00144330	-0.00144330		
 5.35519409	 0.00144330	-0.00144330		
 5.36027002	 0.00144330	-0.00144330		
 5.36534595	 0.00144330	-0.00144330		
 5.37042189	 0.00144330	-0.00144330		
 5.37549829	 0.00144330	-0.00103093		
 5.38057423	 0.00144330	-0.00144330		
 5.38565016	 0.00144330	-0.00103093		
 5.39072609	 0.00144330	-0.00103093		
 5.39580202	 0.00103093	-0.00103093		
 5.40087795	 0.00103093	-0.00144330		
 5.40595436	 0.00103093	-0.00103093		
 5.41103029	 0.00103093	-0.00103093		
 5.41610622	 0.00103093	-0.00103093		
 5.42118216	 0.00103093	-0.00144330		
 5.42625809	 0.00061856	-0.00103093		
 5.43133450	 0.00103093	-0.00103093		
 5.44148636	 0.00103093	-0.00103093		
 5.44656229	 0.00061856	-0.00103093		
 5.45163822	 0.00103093	-0.00103093		
 5.45671415	 0.00061856	-0.00103093		
 5.46179056	 0.00103093	-0.00103093		
 5.46686649	 0.00061856	-0.00103093		
 5.47194242	 0.00061856	-0.00103093		
 5.47701836	 0.00061856	-0.00103093		
 5.48209429	 0.00061856	-0.00144330		
 5.48717022	 0.00061856	-0.00144330		
 5.49224663	 0.00061856	-0.00144330		
 5.49732256	 0.00061856	-0.00061856		
 5.50239849	 0.00061856	-0.00061856		
 5.50747442	 0.00061856	-0.00061856		
 5.51255035	 0.00061856	-0.00061856		
 5.51762629	 0.00061856	-0.00020619		
 5.52270269	 0.00061856	-0.00020619		
 5.52777863	 0.00103093	-0.00020619		
 5.53793049	 0.00103093	 0.00020619		
 5.54300642	 0.00061856	 0.00020619		
 5.54808235	 0.00103093	 0.00020619		
 5.55315876	 0.00061856	 0.00061856		
 5.55823469	 0.00103093	 0.00061856		
 5.56331062	 0.00061856	 0.00144330		
 5.56838655	 0.00103093	 0.00103093		
 5.57853842	 0.00103093	 0.00144330		
 5.58361483	 0.00144330	 0.00144330		
 5.58869076	 0.00144330	 0.00144330		
 5.59376669	 0.00144330	 0.00144330		
 5.59884262	 0.00144330	 0.00144330		
 5.60391855	 0.00144330	 0.00144330		
 5.60899496	 0.00144330	 0.00185567		
 5.61407089	 0.00103093	 0.00185567		
 5.61914682	 0.00144330	 0.00185567		
 5.62929869	 0.00144330	 0.00226804		
 5.63437462	 0.00144330	 0.00226804		
 5.63945103	 0.00144330	 0.00226804		
 5.64452696	 0.00103093	 0.00268041		
 5.64960289	 0.00144330	 0.00226804		
 5.65467882	 0.00103093	 0.00309278		
 5.65975475	 0.00144330	 0.00226804		
 5.66483068	 0.00103093	 0.00268041		
 5.66990709	 0.00144330	 0.00268041		
 5.67498302	 0.00144330	 0.00309278		
 5.68005896	 0.00144330	 0.00309278		
 5.68513489	 0.00144330	 0.00309278		
 5.69021082	 0.00144330	 0.00309278		
 5.70036316	 0.00144330	 0.00350515		
 5.71051502	 0.00144330	 0.00350515		
 5.72066689	 0.00103093	 0.00350515		
 5.73081923	 0.00144330	 0.00350515		
 5.74097109	 0.00144330	 0.00350515		
 5.74604702	 0.00103093	 0.00350515		
 5.75112295	 0.00103093	 0.00391753		
 5.76127529	 0.00103093	 0.00391753		
 5.76635122	 0.00103093	 0.00391753		
 5.77142715	 0.00103093	 0.00391753		
 5.78157902	 0.00103093	 0.00391753		
 5.78665543	 0.00103093	 0.00391753		
 5.79173136	 0.00061856	 0.00391753		
 5.79680729	 0.00061856	 0.00432990		
 5.80695915	 0.00061856	 0.00432990		
 5.81203508	 0.00061856	 0.00474227		
 5.81711149	 0.00061856	 0.00474227		
 5.82218742	 0.00061856	 0.00474227		
 5.82726336	 0.00061856	 0.00432990		
 5.83233929	 0.00020619	 0.00432990		
 5.83741522	 0.00020619	 0.00474227		
 5.84249115	 0.00020619	 0.00474227		
 5.84756756	 0.00020619	 0.00474227		
 5.85264349	-0.00020619	 0.00474227		
 5.85771942	-0.00020619	 0.00474227		
 5.86279535	-0.00020619	 0.00515464		
 5.86787128	-0.00061856	 0.00474227		
 5.87294722	-0.00061856	 0.00474227		
 5.87802362	-0.00061856	 0.00474227		
 5.88309956	-0.00061856	 0.00515464		
 5.88817549	-0.00061856	 0.00474227		
 5.89325142	-0.00103093	 0.00474227		
 5.89832735	-0.00103093	 0.00432990		
 5.90340328	-0.00103093	 0.00432990		
 5.90847969	-0.00103093	 0.00432990		
 5.91355562	-0.00103093	 0.00391753		
 5.91863155	-0.00144330	 0.00391753		
 5.92370749	-0.00144330	 0.00391753		
 5.92878342	-0.00144330	 0.00350515		
 5.93385935	-0.00144330	 0.00350515		
 5.93893576	-0.00144330	 0.00309278		
 5.94401169	-0.00185567	 0.00309278		
 5.94908762	-0.00144330	 0.00268041		
 5.95923948	-0.00185567	 0.00226804		
 5.96939182	-0.00185567	 0.00226804		
 5.97954369	-0.00144330	 0.00185567		
 5.98969555	-0.00144330	 0.00144330		
 5.99477196	-0.00144330	 0.00144330		
 5.99984789	-0.00144330	 0.00103093		
 6.00999975	-0.00144330	 0.00061856		
 6.01507568	-0.00103093	 0.00020619		
 6.02015162	-0.00103093	 0.00061856		
 6.02522802	-0.00103093	 0.00020619		
 6.03030396	-0.00103093	-0.00020619		
 6.03537989	-0.00144330	 0.00020619		
 6.04045582	-0.00103093	-0.00020619		
 6.05060768	-0.00061856	-0.00061856		
 6.05568409	-0.00103093	-0.00103093		
 6.06076002	-0.00061856	-0.00103093		
 6.06583595	-0.00061856	-0.00103093		
 6.07091188	-0.00061856	-0.00103093		
 6.07598782	-0.00061856	-0.00103093		
 6.08106375	-0.00061856	-0.00103093		
 6.09121609	-0.00061856	-0.00144330		
 6.09629202	-0.00020619	-0.00144330		
 6.10136795	-0.00061856	-0.00103093		
 6.10644388	-0.00020619	-0.00144330		
 6.11151981	-0.00020619	-0.00144330		
 6.11659622	-0.00020619	-0.00144330		
 6.12167215	-0.00020619	-0.00185567		
 6.12674809	-0.00020619	-0.00226804		
 6.13182402	-0.00020619	-0.00185567		
 6.13689995	-0.00020619	-0.00185567		
 6.14197636	-0.00020619	-0.00185567		
 6.14705229	-0.00020619	-0.00185567		
 6.15212822	-0.00020619	-0.00185567		
 6.15720415	-0.00020619	-0.00144330		
 6.16735601	-0.00020619	-0.00144330		
 6.17243242	-0.00020619	-0.00144330		
 6.17750835	-0.00020619	-0.00144330		
 6.18258429	-0.00020619	-0.00144330		
 6.18766022	 0.00020619	-0.00144330		
 6.19781208	 0.00020619	-0.00185567		
 6.20288849	 0.00020619	-0.00144330		
 6.20796442	 0.00020619	-0.00185567		
 6.21304035	 0.00020619	-0.00103093		
 6.21811628	 0.00020619	-0.00185567		
 6.22319221	 0.00020619	-0.00103093		
 6.22826815	 0.00061856	-0.00185567		
 6.23334455	 0.00061856	-0.00185567		
 6.23842049	 0.00061856	-0.00185567		
 6.24349642	 0.00020619	-0.00185567		
 6.24857235	 0.00061856	-0.00185567		
 6.25872421	 0.00061856	-0.00185567		
 6.26887655	 0.00103093	-0.00185567		
 6.27902842	 0.00103093	-0.00185567		
 6.28918028	 0.00103093	-0.00185567		
 6.29933262	 0.00103093	-0.00185567		
 6.30440855	 0.00061856	-0.00185567		
 6.30948448	 0.00103093	-0.00185567		
 6.31456041	 0.00061856	-0.00185567		
 6.31963682	 0.00103093	-0.00185567		
 6.32978868	 0.00103093	-0.00185567		
 6.33486462	 0.00061856	-0.00185567		
 6.33994055	 0.00103093	-0.00185567		
 6.35009289	 0.00103093	-0.00185567		
 6.36024475	 0.00103093	-0.00144330		
 6.37039661	 0.00103093	-0.00103093		
 6.37547255	 0.00103093	-0.00103093		
 6.38054895	 0.00103093	-0.00103093		
 6.38562489	 0.00103093	-0.00103093		
 6.39070082	 0.00144330	-0.00103093		
 6.39577675	 0.00144330	-0.00061856		
 6.40085268	 0.00144330	-0.00061856		
 6.41100502	 0.00144330	-0.00061856		
 6.41608095	 0.00144330	-0.00020619		
 6.42115688	 0.00144330	-0.00020619		
 6.42623281	 0.00144330	 0.00020619		
 6.43130875	 0.00144330	 0.00061856		
 6.43638468	 0.00185567	 0.00061856		
 6.44146109	 0.00144330	 0.00061856		
 6.44653702	 0.00185567	 0.00103093		
 6.45161295	 0.00185567	 0.00061856		
 6.45668888	 0.00185567	 0.00061856		
 6.46176481	 0.00185567	 0.00103093		
 6.46684074	 0.00185567	 0.00103093		
 6.47191715	 0.00185567	 0.00103093		
 6.47699308	 0.00185567	 0.00103093		
 6.48206902	 0.00144330	 0.00144330		
 6.48714495	 0.00185567	 0.00144330		
 6.49222088	 0.00185567	 0.00144330		
 6.49729729	 0.00185567	 0.00144330		
 6.50744915	 0.00185567	 0.00185567		
 6.51760101	 0.00144330	 0.00185567		
 6.52775335	 0.00144330	 0.00226804		
 6.53282928	 0.00144330	 0.00268041		
 6.53790522	 0.00144330	 0.00226804		
 6.54805708	 0.00103093	 0.00226804		
 6.55820942	 0.00103093	 0.00268041		
 6.56328535	 0.00061856	 0.00268041		
 6.56836128	 0.00103093	 0.00268041		
 6.57343721	 0.00103093	 0.00268041		
 6.57851315	 0.00103093	 0.00268041		
 6.58866549	 0.00103093	 0.00309278		
 6.59374142	 0.00061856	 0.00309278		
 6.59881735	 0.00061856	 0.00309278		
 6.60896921	 0.00061856	 0.00309278		
 6.61404514	 0.00020619	 0.00309278		
 6.61912155	 0.00061856	 0.00309278		
 6.62419748	 0.00061856	 0.00226804		
 6.62927341	 0.00061856	 0.00309278		
 6.63434935	 0.00061856	 0.00309278		
 6.63942528	 0.00020619	 0.00350515		
 6.64450169	 0.00020619	 0.00309278		
 6.64957762	 0.00020619	 0.00350515		
 6.65465355	-0.00020619	 0.00350515		
 6.65972948	-0.00020619	 0.00350515		
 6.66480541	-0.00020619	 0.00350515		
 6.66988134	-0.00020619	 0.00350515		
 6.67495775	-0.00020619	 0.00309278		
 6.68003368	-0.00020619	 0.00309278		
 6.68510962	-0.00061856	 0.00309278		
 6.69018555	-0.00061856	 0.00350515		
 6.70033741	-0.00103093	 0.00309278		
 6.70541382	-0.00103093	 0.00309278		
 6.71048975	-0.00103093	 0.00309278		
 6.71556568	-0.00103093	 0.00309278		
 6.72064161	-0.00103093	 0.00309278		
 6.72571754	-0.00103093	 0.00350515		
 6.73079348	-0.00103093	 0.00309278		
 6.73586988	-0.00103093	 0.00309278		
 6.74094582	-0.00103093	 0.00268041		
 6.74602175	-0.00103093	 0.00268041		
 6.75109768	-0.00103093	 0.00268041		
 6.75617361	-0.00103093	 0.00226804		
 6.76124954	-0.00103093	 0.00226804		
 6.76632595	-0.00103093	 0.00226804		
 6.77140188	-0.00103093	 0.00226804		
 6.77647781	-0.00103093	 0.00226804		
 6.78662968	-0.00103093	 0.00185567		
 6.79678202	-0.00103093	 0.00144330		
 6.80693388	-0.00103093	 0.00144330		
 6.81708574	-0.00103093	 0.00103093		
 6.82723808	-0.00103093	 0.00061856		
 6.83738995	-0.00103093	 0.00061856		
 6.84246588	-0.00103093	 0.00020619		
 6.84754181	-0.00103093	 0.00020619		
 6.85261822	-0.00103093	 0.00020619		
 6.85769415	-0.00103093	-0.00020619		
 6.86277008	-0.00103093	-0.00020619		
 6.86784601	-0.00103093	-0.00020619		
 6.87799788	-0.00103093	-0.00061856		
 6.88307428	-0.00103093	-0.00103093		
 6.88815022	-0.00061856	-0.00103093		
 6.89322615	-0.00103093	-0.00103093		
 6.89830208	-0.00061856	-0.00103093		
 6.90845394	-0.00061856	-0.00103093		
 6.91353035	-0.00061856	-0.00103093		
 6.91860628	-0.00061856	-0.00144330		
 6.92368221	-0.00020619	-0.00103093		
 6.92875814	-0.00020619	-0.00144330		
 6.93383408	-0.00020619	-0.00144330		
 6.93891001	-0.00020619	-0.00144330		
 6.94398642	-0.00020619	-0.00144330		
 6.94906235	 0.00020619	-0.00144330		
 6.95413828	-0.00020619	-0.00144330		
 6.95921421	-0.00020619	-0.00185567		
 6.96429014	-0.00020619	-0.00185567		
 6.96936607	 0.00020619	-0.00185567		
 6.97444248	-0.00020619	-0.00144330		
 6.97951841	 0.00061856	-0.00185567		
 6.98459435	 0.00061856	-0.00226804		
 6.98967028	 0.00061856	-0.00226804		
 6.99474621	 0.00061856	-0.00226804		
 6.99982262	 0.00061856	-0.00185567		
 7.00489855	 0.00061856	-0.00185567		
 7.00997448	 0.00103093	-0.00185567		
 7.02012634	 0.00103093	-0.00185567		
 7.02520227	 0.00061856	-0.00185567		
 7.03027868	 0.00103093	-0.00185567		
 7.03535461	 0.00103093	-0.00144330		
 7.04043055	 0.00103093	-0.00144330		
 7.05058241	 0.00144330	-0.00144330		
 7.05565834	 0.00144330	-0.00103093		
 7.06073475	 0.00144330	-0.00103093		
 7.06581068	 0.00144330	-0.00103093		
 7.07088661	 0.00144330	-0.00103093		
 7.08103848	 0.00144330	-0.00061856		
 7.08611441	 0.00144330	-0.00020619		
 7.09119081	 0.00144330	-0.00061856		
 7.09626675	 0.00144330	-0.00020619		
 7.10134268	 0.00144330	 0.00020619		
 7.10641861	 0.00144330	 0.00061856		
 7.11149454	 0.00144330	 0.00061856		
 7.11657047	 0.00144330	 0.00061856		
 7.12164688	 0.00144330	 0.00103093		
 7.12672281	 0.00144330	 0.00103093		
 7.13179874	 0.00144330	 0.00144330		
 7.13687468	 0.00144330	 0.00144330		
 7.14702654	 0.00144330	 0.00226804		
 7.15210295	 0.00144330	 0.00268041		
 7.15717888	 0.00144330	 0.00268041		
 7.16225481	 0.00144330	 0.00350515		
 7.16733074	 0.00144330	 0.00350515		
 7.17240667	 0.00061856	 0.00432990		
 7.17748308	 0.00103093	 0.00391753		
 7.18763494	 0.00061856	 0.00474227		
 7.19271088	 0.00061856	 0.00515464		
 7.19778681	 0.00020619	 0.00556701		
 7.20286274	 0.00020619	 0.00597938		
 7.20793915	 0.00020619	 0.00597938		
 7.21301508	-0.00020619	 0.00639175		
 7.21809101	-0.00061856	 0.00721649		
 7.22316694	-0.00103093	 0.00762887		
 7.22824287	-0.00103093	 0.00804124		
 7.23331881	-0.00103093	 0.00845361		
 7.23839521	-0.00144330	 0.00886598		
 7.24347115	-0.00185567	 0.00927835		
 7.24854708	-0.00226804	 0.00969072		
 7.25362301	-0.00268041	 0.01051546		
 7.25869894	-0.00268041	 0.01051546		
 7.26377487	-0.00350515	 0.01092783		
 7.26885128	-0.00350515	 0.01134021		
 7.27392721	-0.00432990	 0.01216495		
 7.27900314	-0.00432990	 0.01257732		
 7.28407907	-0.00474227	 0.01340206		
 7.28915501	-0.00515464	 0.01381443		
 7.29423094	-0.00597938	 0.01463917		
 7.29930735	-0.00639175	 0.01505155		
 7.30438328	-0.00721649	 0.01587629		
 7.30945921	-0.00762887	 0.01670103		
 7.31961107	-0.00886598	 0.01835052		
 7.32468700	-0.00969072	 0.01917526		
 7.32976341	-0.01010309	 0.01958763		
 7.33483934	-0.01051546	 0.02000000		
 7.33991528	-0.01134021	 0.02082474		
 7.34499121	-0.01175258	 0.02164948		
 7.35006714	-0.01257732	 0.02329897		
 7.35514355	-0.01340206	 0.02453608		
 7.36021948	-0.01422680	 0.02577320		
 7.36529541	-0.01546392	 0.02701031		
 7.37037134	-0.01587629	 0.02865979		
 7.37544727	-0.01670103	 0.03030928		
 7.38052320	-0.01793814	 0.03154639		
 7.40082741	-0.02123711	 0.03690721		
 7.40590334	-0.02206185	 0.04061855		
 7.41097927	-0.02247423	 0.04268041		
 7.41605568	-0.02329897	 0.04185567		
 7.42113161	-0.02412371	 0.04804124		
 7.44143534	-0.02659794	 0.05298969		
 7.44651175	-0.02659794	 0.05463918		
 7.46173954	-0.02701031	 0.04639175		
 7.65970421	 0.02082474	 0.04886598		
 7.68000793	 0.01752577	 0.03814433		
 7.68508434	 0.01670103	 0.03649484		
 7.69523621	 0.01546392	 0.02865979		
 7.78660440	 0.01175258	 0.01876289		
 7.79675627	 0.01051546	 0.01752577		
 7.80183268	 0.00927835	 0.01670103		
 7.80690861	 0.00804124	 0.01546392		
 7.85766840	-0.00103093	 0.01711340		
 7.87289667	-0.00350515	 0.02206185		
 7.87797260	-0.00391753	 0.02371134		
 7.91350460	-0.00474227	 0.02494845		
 7.91858101	-0.00474227	 0.02412371		
 7.92365694	-0.00474227	 0.02329897		
 7.93380880	-0.00432990	 0.02329897		
 7.93888474	-0.00432990	 0.02371134		
 7.94396067	-0.00432990	 0.02412371		
 7.94903708	-0.00474227	 0.02453608		
 7.95918894	-0.00474227	 0.02536082		
 7.96426487	-0.00474227	 0.02618557		
 7.96934080	-0.00556701	 0.02783505		
 7.97441673	-0.00639175	 0.02989691		
 7.97949314	-0.00762887	 0.03072165		
 7.98456907	-0.00845361	 0.03154639		
 7.98964500	-0.00927835	 0.03154639		
 7.99979687	-0.01010309	 0.03072165		
 8.00994873	-0.01134021	 0.03154639		
 8.01502514	-0.01175258	 0.03278350		
 8.02010059	-0.01216495	 0.03443299		
 8.02517700	-0.01298969	 0.03608247		
 8.03025341	-0.01381443	 0.03773196		
 8.04040527	-0.01546392	 0.03979381		
 8.05055714	-0.01711340	 0.03938144		
 8.06070900	-0.01876289	 0.03690721		
 8.07086086	-0.01835052	 0.03855670		
 8.08101368	-0.02000000	 0.04639175		
 8.22314167	 0.00144330	 0.04597938		
 8.23329353	 0.00391753	 0.04721649		
 8.23836994	 0.00556701	 0.04886598		
 8.32973766	 0.01463917	 0.03154639		
 8.38557434	 0.00762887	 0.02659794		
 8.39064980	 0.00680412	 0.02701031		
 8.39572620	 0.00597938	 0.02701031		
 8.45156193	 0.01010309	 0.02041237		
 8.45663834	 0.01010309	 0.01917526		
 8.46171379	 0.00969072	 0.01835052		
 8.46679020	 0.00969072	 0.01670103		
 8.47694206	 0.00886598	 0.01422680		
 8.51755047	 0.00515464	 0.01463917		
 8.52770233	 0.00432990	 0.01505155		
 8.53277874	 0.00391753	 0.01422680		
 8.55815887	 0.00144330	 0.00515464		
 8.56323433	 0.00144330	 0.00515464		
 8.56831074	 0.00103093	 0.00515464		
 8.57338619	 0.00144330	 0.00515464		
 8.57846260	 0.00144330	 0.00597938		
 8.58861446	 0.00185567	 0.00804124		
 8.62922287	 0.00020619	 0.01381443		
 8.63429832	-0.00061856	 0.01216495		
 8.63937473	-0.00103093	 0.01051546		
 8.64445114	-0.00103093	 0.00845361		
 8.64952660	-0.00103093	 0.00680412		
 8.65460300	-0.00103093	 0.00556701		
 8.65967846	-0.00103093	 0.00474227		
 8.66983032	-0.00061856	 0.00391753		
 8.67490673	-0.00020619	 0.00350515		
 8.67998314	-0.00020619	 0.00309278		
 8.68505859	-0.00020619	 0.00268041		
 8.69013500	 0.00020619	 0.00226804		
 8.69521046	 0.00020619	 0.00226804		
 8.70028687	 0.00020619	 0.00185567		
 8.70536327	-0.00020619	 0.00226804		
 8.71043873	 0.00020619	 0.00268041		
 8.71551514	-0.00020619	 0.00309278		
 8.72059059	-0.00020619	 0.00309278		
 8.76627541	-0.00268041	 0.00886598		
 8.77642727	-0.00309278	 0.00762887		
 8.78657913	-0.00309278	 0.00556701		
 8.79165554	-0.00350515	 0.00432990		
 8.79673100	-0.00309278	 0.00350515		
 8.80180740	-0.00268041	 0.00268041		
 8.80688286	-0.00226804	 0.00226804		
 8.81195927	-0.00185567	 0.00226804		
 8.81703472	-0.00185567	 0.00185567		
 8.82211113	-0.00144330	 0.00226804		
 8.82718754	-0.00144330	 0.00268041		
 8.83226299	-0.00103093	 0.00309278		
 8.83733940	-0.00061856	 0.00350515		
 8.84241486	-0.00020619	 0.00391753		
 8.84749126	-0.00020619	 0.00474227		
 8.85256767	-0.00020619	 0.00515464		
 8.85764313	 0.00020619	 0.00597938		
 8.86271954	 0.00020619	 0.00639175		
 8.86779499	 0.00020619	 0.00721649		
 8.87287140	-0.00020619	 0.00762887		
 8.87794685	 0.00020619	 0.00804124		
 8.88302326	 0.00020619	 0.00845361		
 8.88809967	 0.00020619	 0.00886598		
 8.90840340	-0.00020619	 0.00886598		
 8.91855526	-0.00020619	 0.00845361		
 8.92363167	-0.00061856	 0.00804124		
 8.92870712	-0.00103093	 0.00845361		
 8.93885994	-0.00103093	 0.00762887		
 8.94393539	-0.00144330	 0.00762887		
 8.94901180	-0.00103093	 0.00721649		
 8.95408726	-0.00144330	 0.00762887		
 8.95916367	-0.00185567	 0.00804124		
 8.96423912	-0.00185567	 0.00927835		
 8.96931553	-0.00185567	 0.01010309		
 8.98454380	-0.00226804	 0.01298969		
 8.98961926	-0.00268041	 0.01381443		
 8.99469566	-0.00268041	 0.01422680		
 8.99977207	-0.00309278	 0.01505155		
 9.00992393	-0.00309278	 0.01546392		
 9.02007580	-0.00350515	 0.01546392		
 9.02515125	-0.00350515	 0.01546392		
 9.03022766	-0.00391753	 0.01546392		
 9.03530407	-0.00391753	 0.01587629		
 9.04037952	-0.00391753	 0.01628866		
 9.04545593	-0.00432990	 0.01670103		
 9.05053139	-0.00432990	 0.01711340		
 9.05560780	-0.00432990	 0.01793814		
 9.06068420	-0.00432990	 0.01876289		
 9.06575966	-0.00432990	 0.02000000		
 9.07083607	-0.00432990	 0.02082474		
 9.07591152	-0.00474227	 0.02164948		
 9.08098793	-0.00474227	 0.02247423		
 9.08606339	-0.00474227	 0.02329897		
 9.09113979	-0.00474227	 0.02412371		
 9.09621620	-0.00515464	 0.02536082		
 9.10129166	-0.00515464	 0.02618557		
 9.10636806	-0.00515464	 0.02701031		
 9.11144352	-0.00556701	 0.02742268		
 9.11651993	-0.00556701	 0.02783505		
 9.12159634	-0.00639175	 0.02865979		
 9.12667179	-0.00680412	 0.02783505		
 9.13682365	-0.00721649	 0.02783505		
 9.14697647	-0.00804124	 0.02783505		
 9.16728020	-0.00927835	 0.03113402		
 9.17235565	-0.00969072	 0.03237113		
 9.18250847	-0.01010309	 0.03402062		
 9.19266033	-0.01010309	 0.04061855		
 9.19773579	-0.01010309	 0.04103093		
 9.20788860	-0.00845361	 0.03896907		
 9.21804047	-0.00845361	 0.03979381		
 9.24342060	-0.00432990	 0.04350515		
 9.26880074	-0.00309278	 0.04350515		
 9.27387619	-0.00268041	 0.04144330		
 9.27895260	-0.00268041	 0.03938144		
 9.28402805	-0.00268041	 0.03690721		
 9.28910446	-0.00268041	 0.03525773		
 9.29418087	-0.00226804	 0.03402062		
 9.29925632	-0.00226804	 0.03319588		
 9.30940819	-0.00185567	 0.03360825		
 9.32971287	-0.00144330	 0.03896907		
 9.35509300	 0.00020619	 0.04474227		
 9.36016846	 0.00061856	 0.04474227		
 9.36524487	 0.00061856	 0.04309278		
 9.37032032	 0.00185567	 0.03938144		
 9.38047218	 0.00268041	 0.03855670		
 9.38554859	 0.00268041	 0.03731959		
 9.40077686	 0.00391753	 0.03237113		
 9.40585232	 0.00432990	 0.03237113		
 9.41092873	 0.00432990	 0.03195876		
 9.42108059	 0.00432990	 0.03278350		
 9.42615700	 0.00474227	 0.03319588		
 9.43123245	 0.00474227	 0.03237113		
 9.43630886	 0.00515464	 0.03154639		
 9.44646072	 0.00556701	 0.02948453		
 9.45153713	 0.00556701	 0.02865979		
 9.45661259	 0.00515464	 0.02865979		
 9.46676445	 0.00556701	 0.02701031		
 9.47691727	 0.00556701	 0.02453608		
 9.48706913	 0.00556701	 0.02412371		
 9.49722099	 0.00515464	 0.02412371		
 9.50737286	 0.00474227	 0.02453608		
 9.51752472	 0.00432990	 0.02536082		
 9.52767658	 0.00391753	 0.02494845		
 9.53275299	 0.00391753	 0.02453608		
 9.53782940	 0.00391753	 0.02371134		
 9.54290485	 0.00391753	 0.02329897		
 9.55813313	 0.00391753	 0.02123711		
 9.56320953	 0.00391753	 0.02164948		
 9.56828499	 0.00391753	 0.02164948		
 9.57336140	 0.00391753	 0.02123711		
 9.57843685	 0.00432990	 0.02041237		
 9.58351326	 0.00432990	 0.02041237		
 9.58858871	 0.00432990	 0.02000000		
 9.59874153	 0.00432990	 0.01958763		
 9.60889339	 0.00432990	 0.01917526		
 9.61904526	 0.00391753	 0.01958763		
 9.80685806	-0.00144330	 0.01546392		
 9.81193352	-0.00185567	 0.01505155		
 9.81700993	-0.00185567	 0.01505155		
 9.82716179	-0.00226804	 0.01463917		
 9.83731365	-0.00226804	 0.01422680		
 9.84239006	-0.00268041	 0.01422680		
 9.84746552	-0.00226804	 0.01422680		
 9.85761833	-0.00268041	 0.01422680		
 9.86269379	-0.00268041	 0.01422680		
 9.86777020	-0.00268041	 0.01463917		
 9.87284565	-0.00268041	 0.01463917		
 9.87792206	-0.00309278	 0.01463917		
 9.88807392	-0.00309278	 0.01505155		
 9.89822578	-0.00309278	 0.01505155		
 9.90330219	-0.00309278	 0.01546392		
 9.90837765	-0.00268041	 0.01546392		
 9.91345406	-0.00268041	 0.01587629		
 9.91853046	-0.00268041	 0.01628866		
 9.92360592	-0.00268041	 0.01670103		
 9.92868233	-0.00226804	 0.01670103		
 9.93375778	-0.00185567	 0.01711340		
 9.93883419	-0.00185567	 0.01711340		
 9.94390965	-0.00144330	 0.01752577		
 9.94898605	-0.00103093	 0.01752577		
 9.95406246	-0.00103093	 0.01793814		
 9.95913792	-0.00061856	 0.01835052		
 9.96421432	-0.00061856	 0.01835052		
 9.96928978	-0.00020619	 0.01876289		
 9.97436619	-0.00020619	 0.01835052		
 9.97944260	 0.00020619	 0.01835052