t	X1	Y1	X2	Y2
s	m	m	m	m
 0.00000000	0 0		-0.02222222	-0.01814815
 0.00508102	0 0		-0.02222222	-0.01814815
 0.01524305	0 0		-0.02222222	-0.01814815
 0.02032407	0 0		-0.02222222	-0.01814815
 0.02540509	0 0		-0.02185185	-0.01814815
 0.03048610	0 0		-0.02222222	-0.01814815
 0.03556712	0 0		-0.02222222	-0.01814815
 0.04064814	0 0		-0.02222222	-0.01814815
 0.04572916	0 0		-0.02222222	-0.01814815
 0.05081017	0 0		-0.02222222	-0.01814815
 0.05589119	0 0		-0.02185185	-0.01814815
 0.06097221	0 0		-0.02222222	-0.01814815
 0.06605323	0 0		-0.02222222	-0.01814815
 0.07621526	 0.00000000	-0.00111111	-0.02185185	-0.01814815
 0.08129627	 0.00000000	-0.00111111	-0.02222222	-0.01814815
 0.08637729	 0.00000000	-0.00111111	-0.02222222	-0.01814815
 0.09145831	 0.00000000	-0.00111111	-0.02222222	-0.01814815
 0.09653933	 0.00000000	-0.00111111	-0.02222222	-0.01814815
 0.11686340	 0.00000000	-0.00111111	-0.02222222	-0.01851852
 0.12194441	 0.00000000	-0.00111111	-0.02185185	-0.01814815
 0.12702543	 0.00000000	-0.00111111	-0.02185185	-0.01814815
 0.13210645	 0.00000000	-0.00111111	-0.02222222	-0.01814815
 0.13718747	 0.00000000	-0.00111111	-0.02222222	-0.01814815
 0.14226848	 0.00000000	-0.00111111	-0.02222222	-0.01814815
 0.14734951	 0.00000000	-0.00111111	-0.02185185	-0.01814815
 0.18291663	 0.00000000	-0.00111111	-0.02222222	-0.01814815
 0.18799764	 0.00000000	-0.00111111	-0.02222222	-0.01814815
 0.19307865	 0.00000000	-0.00111111	-0.02222222	-0.01814815
 0.19815968	 0.00000000	-0.00111111	-0.02222222	-0.01814815
 0.20324069	 0.00000000	-0.00111111	-0.02222222	-0.01814815
 0.20832171	 0.00000000	-0.00111111	-0.02222222	-0.01814815
 0.22356476	 0.00000000	-0.00111111	-0.02222222	-0.01814815
 0.22864577	 0.00000000	-0.00111111	-0.02222222	-0.01814815
 0.23372680	 0.00000000	-0.00111111	-0.02222222	-0.01814815
 0.23880781	 0.00000000	-0.00111111	-0.02185185	-0.01814815
 0.24388883	 0.00000000	-0.00111111	-0.02222222	-0.01814815
 0.24896985	 0.00000000	-0.00111111	-0.02222222	-0.01814815
 0.26929390	 0.00000000	-0.00111111	-0.02222222	-0.01814815
 0.27437493	 0.00000000	-0.00111111	-0.02111111	-0.01814815
 0.27945596	 0.00000000	-0.00111111	-0.02185185	-0.01814815
 0.28453696	 0.00000000	-0.00111111	-0.02185185	-0.01814815
 0.29978001	 0.00000000	-0.00111111	-0.02185185	-0.01777778
 0.31502306	 0.00000000	-0.00111111	-0.02185185	-0.01777778
 0.32010409	 0.00000000	-0.00111111	-0.02185185	-0.01814815
 0.32518509	 0.00000000	-0.00111111	-0.02185185	-0.01814815
 0.33534715	 0.00000000	-0.00111111	-0.02185185	-0.01814815
 0.34042814	 0.00000000	-0.00111111	-0.02185185	-0.01814815
 0.34550917	 0.00000000	-0.00111111	-0.02185185	-0.01814815
 0.35059020	 0.00000000	-0.00111111	-0.02185185	-0.01814815
 0.35567120	 0.00000000	-0.00111111	-0.02185185	-0.01814815
 0.36075222	 0.00000000	-0.00111111	-0.02222222	-0.01851852
 0.36583325	 0.00000000	-0.00111111	-0.02185185	-0.01814815
 0.37091425	 0.00000000	-0.00111111	-0.02185185	-0.01814815
 0.37599528	 0.00000000	-0.00111111	-0.02185185	-0.01814815
 0.38107631	 0.00000000	-0.00111111	-0.02148148	-0.01777778
 0.38615730	 0.00000000	-0.00111111	-0.02148148	-0.01777778
 0.40648139	 0.00000000	-0.00111111	-0.02185185	-0.01777778
 0.41156238	 0.00000000	-0.00111111	-0.02185185	-0.01777778
 0.41664341	 0.00000000	-0.00111111	-0.02185185	-0.01777778
 0.42172444	 0.00000000	-0.00111111	-0.02185185	-0.01777778
 0.43696749	 0.00000000	-0.00111111	-0.02185185	-0.01777778
 0.44204849	 0.00000000	-0.00111111	-0.02185185	-0.01777778
 0.44712952	 0.00000000	-0.00111111	-0.02185185	-0.01777778
 0.47253460	 0.00000000	-0.00111111	-0.02185185	-0.01814815
 0.47761562	 0.00000000	-0.00111111	-0.02185185	-0.01777778
 0.48777765	 0.00000000	-0.00111111	-0.02222222	-0.01777778
 0.49285868	 0.00000000	-0.00111111	-0.02222222	-0.01777778
 0.49793971	 0.00000000	-0.00111111	-0.02222222	-0.01777778
 0.51318276	 0.00000000	-0.00111111	-0.02185185	-0.01814815
 0.51826376	 0.00000000	-0.00111111	-0.02111111	-0.01814815
 0.52334476	 0.00000000	-0.00111111	-0.02111111	-0.01814815
 0.52842581	 0.00000000	-0.00111111	-0.02111111	-0.01814815
 0.53350681	 0.00000000	-0.00111111	-0.02185185	-0.01814815
 0.53858781	 0.00000000	-0.00111111	-0.02185185	-0.01814815
 0.54366887	 0.00000000	-0.00111111	-0.02185185	-0.01814815
 0.54874986	 0.00000000	-0.00111111	-0.02185185	-0.01814815
 0.55383086	 0.00000000	-0.00111111	-0.02185185	-0.01814815
 0.55891192	 0.00000000	-0.00111111	-0.02185185	-0.01814815
 0.56399292	 0.00000000	-0.00111111	-0.02185185	-0.01814815
 0.56907392	 0.00000000	-0.00111111	-0.02185185	-0.01814815
 0.57415497	 0.00000000	-0.00111111	-0.02185185	-0.01814815
 0.57923597	 0.00000000	-0.00111111	-0.02185185	-0.01814815
 0.58431697	 0.00000000	-0.00111111	-0.02185185	-0.01814815
 0.58939803	 0.00000000	-0.00111111	-0.02148148	-0.01814815
 0.59447902	 0.00000000	-0.00111111	-0.02185185	-0.01814815
 0.59956002	 0.00000000	-0.00111111	-0.02185185	-0.01814815
 0.60464108	 0.00000000	-0.00111111	-0.02185185	-0.01814815
 0.60972208	 0.00000000	-0.00111111	-0.02185185	-0.01814815
 0.61480308	 0.00000000	-0.00111111	-0.02185185	-0.01814815
 0.61988413	 0.00000000	-0.00111111	-0.02185185	-0.01814815
 0.62496513	 0.00000000	-0.00111111	-0.02185185	-0.01777778
 0.63004613	 0.00000000	-0.00111111	-0.02185185	-0.01777778
 0.63512719	 0.00000000	-0.00111111	-0.02185185	-0.01777778
 0.64020818	 0.00000000	-0.00111111	-0.02185185	-0.01777778
 0.64528918	 0.00000000	-0.00111111	-0.02185185	-0.01777778
 0.65037018	 0.00000000	-0.00111111	-0.02185185	-0.01777778
 0.65545124	 0.00000000	-0.00111111	-0.02148148	-0.01777778
 0.66053224	 0.00000000	-0.00111111	-0.02148148	-0.01777778
 0.66561323	 0.00000000	-0.00111111	-0.02148148	-0.01777778
 0.67069429	 0.00000000	-0.00148148	-0.02185185	-0.01814815
 0.67577529	 0.00000000	-0.00111111	-0.02111111	-0.01777778
 0.68085629	 0.00000000	-0.00111111	-0.02111111	-0.01777778
 0.68593735	 0.00000000	-0.00148148	-0.02185185	-0.01814815
 0.69101834	 0.00000000	-0.00111111	-0.02111111	-0.01814815
 0.69609934	 0.00000000	-0.00111111	-0.02111111	-0.01814815
 0.70118040	 0.00000000	-0.00111111	-0.02111111	-0.01814815
 0.70626140	 0.00000000	-0.00111111	-0.02111111	-0.01814815
 0.71134239	 0.00000000	-0.00111111	-0.02111111	-0.01814815
 0.71642345	 0.00000000	-0.00111111	-0.02111111	-0.01814815
 0.72150445	 0.00000000	-0.00111111	-0.02111111	-0.01814815
 0.72658545	 0.00000000	-0.00111111	-0.02111111	-0.01814815
 0.73166651	 0.00000000	-0.00111111	-0.02111111	-0.01814815
 0.73674750	 0.00000000	-0.00111111	-0.02111111	-0.01814815
 0.74182850	 0.00000000	-0.00111111	-0.02111111	-0.01814815
 0.74690956	 0.00000000	-0.00111111	-0.02111111	-0.01814815
 0.75199056	 0.00000000	-0.00111111	-0.02111111	-0.01814815
 0.75707155	 0.00000000	-0.00111111	-0.02111111	-0.01814815
 0.76215261	 0.00000000	-0.00111111	-0.02111111	-0.01814815
 0.76723361	 0.00000000	-0.00111111	-0.02111111	-0.01814815
 0.77231461	 0.00000000	-0.00111111	-0.02111111	-0.01814815
 0.77739567	 0.00000000	-0.00111111	-0.02111111	-0.01814815
 0.78247666	 0.00000000	-0.00111111	-0.02111111	-0.01814815
 0.78755766	 0.00000000	-0.00111111	-0.02111111	-0.01814815
 0.79263872	 0.00000000	-0.00111111	-0.02111111	-0.01814815
 0.79771972	 0.00000000	-0.00111111	-0.02111111	-0.01814815
 0.80280071	 0.00000000	-0.00111111	-0.02111111	-0.01814815
 0.80788177	 0.00000000	-0.00111111	-0.02111111	-0.01814815
 0.81296277	 0.00000000	-0.00111111	-0.02111111	-0.01814815
 0.81804377	 0.00000000	-0.00111111	-0.02111111	-0.01814815
 0.82312477	 0.00000000	-0.00111111	-0.02148148	-0.01814815
 0.82820582	 0.00000000	-0.00111111	-0.02148148	-0.01814815
 0.83328682	 0.00000000	-0.00111111	-0.02148148	-0.01814815
 0.83836782	 0.00000000	-0.00111111	-0.02148148	-0.01814815
 0.84344888	 0.00000000	-0.00111111	-0.02148148	-0.01814815
 0.84852988	 0.00000000	-0.00111111	-0.02148148	-0.01814815
 0.85361087	 0.00000000	-0.00111111	-0.02148148	-0.01814815
 0.85869193	 0.00000000	-0.00111111	-0.02148148	-0.01814815
 0.86377293	 0.00000000	-0.00111111	-0.02148148	-0.01814815
 0.86885393	 0.00000000	-0.00111111	-0.02111111	-0.01814815
 0.87393498	 0.00000000	-0.00111111	-0.02111111	-0.01814815
 0.87901598	 0.00000000	-0.00111111	-0.02185185	-0.01814815
 0.88409698	 0.00000000	-0.00148148	-0.02185185	-0.01814815
 0.88917804	 0.00000000	-0.00111111	-0.02185185	-0.01814815
 0.89425904	 0.00000000	-0.00111111	-0.02185185	-0.01814815
 0.89934003	 0.00000000	-0.00111111	-0.02185185	-0.01814815
 0.90442109	 0.00000000	-0.00111111	-0.02185185	-0.01814815
 0.90950209	 0.00000000	-0.00111111	-0.02185185	-0.01814815
 0.91458309	 0.00000000	-0.00111111	-0.02185185	-0.01814815
 0.91966414	 0.00000000	-0.00111111	-0.02185185	-0.01814815
 0.92474514	 0.00000000	-0.00111111	-0.02185185	-0.01814815
 0.92982614	 0.00000000	-0.00111111	-0.02185185	-0.01814815
 0.93490720	 0.00000000	-0.00111111	-0.02185185	-0.01814815
 0.93998820	 0.00000000	-0.00111111	-0.02185185	-0.01814815
 0.94506919	 0.00000000	-0.00111111	-0.02185185	-0.01814815
 0.95015025	 0.00000000	-0.00111111	-0.02185185	-0.01814815
 0.95523125	 0.00000000	-0.00148148	-0.02185185	-0.01814815
 0.96031225	 0.00000000	-0.00148148	-0.02185185	-0.01814815
 0.96539330	 0.00000000	-0.00148148	-0.02185185	-0.01814815
 0.97047430	 0.00000000	-0.00111111	-0.02185185	-0.01814815
 0.97555530	 0.00000000	-0.00111111	-0.02185185	-0.01814815
 0.98063636	 0.00000000	-0.00111111	-0.02185185	-0.01814815
 0.98571736	 0.00000000	-0.00148148	-0.02185185	-0.01814815
 0.99079835	 0.00000000	-0.00148148	-0.02185185	-0.01814815
 0.99587941	 0.00000000	-0.00148148	-0.02185185	-0.01814815
 1.00096035	 0.00000000	-0.00111111	-0.02185185	-0.01851852
 1.00604141	 0.00000000	-0.00148148	-0.02185185	-0.01814815
 1.01112247	 0.00000000	-0.00148148	-0.02185185	-0.01814815
 1.01620340	 0.00000000	-0.00148148	-0.02185185	-0.01814815
 1.02128446	 0.00000000	-0.00148148	-0.02185185	-0.01814815
 1.02636552	 0.00000000	-0.00148148	-0.02185185	-0.01814815
 1.03144646	 0.00000000	-0.00111111	-0.02185185	-0.01814815
 1.03652751	 0.00000000	-0.00148148	-0.02185185	-0.01814815
 1.04160857	 0.00000000	-0.00148148	-0.02185185	-0.01814815
 1.04668951	 0.00000000	-0.00148148	-0.02185185	-0.01814815
 1.05177057	 0.00000000	-0.00148148	-0.02185185	-0.01814815
 1.05685163	 0.00000000	-0.00148148	-0.02185185	-0.01814815
 1.06193256	 0.00000000	-0.00148148	-0.02185185	-0.01814815
 1.06701362	 0.00000000	-0.00111111	-0.02185185	-0.01851852
 1.07209468	 0.00000000	-0.00111111	-0.02185185	-0.01851852
 1.07717562	 0.00000000	-0.00148148	-0.02185185	-0.01851852
 1.08225667	 0.00000000	-0.00111111	-0.02111111	-0.01814815
 1.08733773	 0.00000000	-0.00148148	-0.02185185	-0.01851852
 1.09241867	 0.00000000	-0.00148148	-0.02185185	-0.01851852
 1.09749973	 0.00000000	-0.00111111	-0.02185185	-0.01851852
 1.10258079	 0.00000000	-0.00111111	-0.02185185	-0.01851852
 1.10766172	 0.00000000	-0.00148148	-0.02185185	-0.01851852
 1.11274278	 0.00000000	-0.00111111	-0.02185185	-0.01814815
 1.11782384	 0.00000000	-0.00111111	-0.02185185	-0.01814815
 1.12290478	 0.00000000	-0.00148148	-0.02185185	-0.01814815
 1.12798584	 0.00000000	-0.00148148	-0.02185185	-0.01814815
 1.13306689	 0.00000000	-0.00148148	-0.02185185	-0.01814815
 1.13814783	 0.00000000	-0.00111111	-0.02185185	-0.01814815
 1.14322889	 0.00000000	-0.00148148	-0.02185185	-0.01814815
 1.14830995	 0.00000000	-0.00148148	-0.02185185	-0.01814815
 1.15339088	 0.00000000	-0.00148148	-0.02185185	-0.01814815
 1.15847194	 0.00000000	-0.00148148	-0.02185185	-0.01814815
 1.16355300	 0.00000000	-0.00148148	-0.02185185	-0.01814815
 1.16863394	 0.00000000	-0.00148148	-0.02185185	-0.01814815
 1.17371500	 0.00000000	-0.00148148	-0.02185185	-0.01814815
 1.17879605	 0.00000000	-0.00148148	-0.02185185	-0.01814815
 1.18387699	 0.00000000	-0.00148148	-0.02185185	-0.01814815
 1.18895805	 0.00000000	-0.00148148	-0.02185185	-0.01814815
 1.19403911	 0.00000000	-0.00148148	-0.02185185	-0.01814815
 1.19912004	 0.00000000	-0.00148148	-0.02185185	-0.01814815
 1.20420110	 0.00000000	-0.00148148	-0.02185185	-0.01814815
 1.20928216	 0.00000000	-0.00148148	-0.02185185	-0.01814815
 1.21436310	 0.00000000	-0.00148148	-0.02185185	-0.01814815
 1.21944416	 0.00000000	-0.00148148	-0.02185185	-0.01814815
 1.22452521	 0.00000000	-0.00148148	-0.02185185	-0.01814815
 1.22960615	 0.00000000	-0.00148148	-0.02185185	-0.01814815
 1.23468721	 0.00000000	-0.00148148	-0.02185185	-0.01814815
 1.23976827	 0.00000000	-0.00148148	-0.02185185	-0.01814815
 1.24484921	 0.00000000	-0.00148148	-0.02185185	-0.01814815
 1.24993026	 0.00000000	-0.00148148	-0.02185185	-0.01814815
 1.25501132	 0.00000000	-0.00148148	-0.02185185	-0.01814815
 1.26009226	 0.00000000	-0.00148148	-0.02185185	-0.01814815
 1.26517332	 0.00000000	-0.00148148	-0.02185185	-0.01814815
 1.27025437	 0.00000000	-0.00148148	-0.02185185	-0.01814815
 1.27533531	 0.00000000	-0.00148148	-0.02185185	-0.01814815
 1.28041637	 0.00296296	 0.00370370	-0.02111111	-0.01814815
 1.28549731	 0.00000000	-0.00148148	-0.02185185	-0.01814815
 1.29057837	 0.00000000	-0.00148148	-0.02185185	-0.01814815
 1.29565942	 0.00370370	 0.00481481	-0.02111111	-0.01814815
 1.30074036	 0.00000000	-0.00148148	-0.02185185	-0.01814815
 1.30582142	 0.00000000	-0.00148148	-0.02148148	-0.01814815
 1.31090248	 0.00000000	-0.00148148	-0.02148148	-0.01814815
 1.31598341	 0.00000000	-0.00148148	-0.02148148	-0.01814815
 1.32106447	 0.00000000	-0.00148148	-0.02111111	-0.01814815
 1.32614553	 0.00000000	-0.00148148	-0.02148148	-0.01814815
 1.33122647	 0.00000000	-0.00148148	-0.02148148	-0.01814815
 1.33630753	 0.00000000	-0.00148148	-0.02111111	-0.01814815
 1.34138858	 0.00000000	-0.00148148	-0.02148148	-0.01814815
 1.34646952	 0.00000000	-0.00148148	-0.02148148	-0.01814815
 1.35155058	 0.00000000	-0.00148148	-0.02148148	-0.01814815
 1.35663164	 0.00000000	-0.00148148	-0.02185185	-0.01814815
 1.36171257	 0.00000000	-0.00148148	-0.02185185	-0.01814815
 1.36679363	 0.00000000	-0.00148148	-0.02148148	-0.01814815
 1.37187469	 0.00000000	-0.00148148	-0.02111111	-0.01814815
 1.37695563	 0.00000000	-0.00148148	-0.02111111	-0.01814815
 1.38203669	 0.00000000	-0.00148148	-0.02111111	-0.01814815
 1.38711774	 0.00000000	-0.00148148	-0.02111111	-0.01814815
 1.39219868	 0.00000000	-0.00148148	-0.02111111	-0.01814815
 1.39727974	 0.00000000	-0.00148148	-0.02185185	-0.01814815
 1.40236080	 0.00000000	-0.00148148	-0.02185185	-0.01814815
 1.40744174	 0.00000000	-0.00148148	-0.02185185	-0.01814815
 1.41252279	 0.00000000	-0.00148148	-0.02148148	-0.01814815
 1.41760385	 0.00000000	-0.00148148	-0.02148148	-0.01814815
 1.42268479	 0.00000000	-0.00148148	-0.02148148	-0.01814815
 1.42776585	 0.00000000	-0.00148148	-0.02148148	-0.01814815
 1.43284690	 0.00000000	-0.00148148	-0.02185185	-0.01814815
 1.43792784	 0.00000000	-0.00148148	-0.02185185	-0.01814815
 1.44300890	 0.00000000	-0.00148148	-0.02148148	-0.01814815
 1.44808996	 0.00000000	-0.00148148	-0.02185185	-0.01814815
 1.45317090	 0.00000000	-0.00148148	-0.02185185	-0.01814815
 1.45825195	 0.00000000	-0.00148148	-0.02185185	-0.01814815
 1.46333301	 0.00000000	-0.00148148	-0.02185185	-0.01814815
 1.46841395	 0.00000000	-0.00148148	-0.02185185	-0.01814815
 1.47349501	 0.00000000	-0.00148148	-0.02185185	-0.01814815
 1.47857606	 0.00000000	-0.00148148	-0.02185185	-0.01814815
 1.48365700	 0.00000000	-0.00148148	-0.02185185	-0.01814815
 1.48873806	 0.00000000	-0.00148148	-0.02185185	-0.01814815
 1.49381912	 0.00000000	-0.00148148	-0.02148148	-0.01814815
 1.49890006	 0.00000000	-0.00148148	-0.02185185	-0.01814815
 1.50398111	 0.00000000	-0.00148148	-0.02185185	-0.01814815
 1.50906217	 0.00000000	-0.00148148	-0.02185185	-0.01814815
 1.51414311	 0.00000000	-0.00148148	-0.02185185	-0.01814815
 1.51922417	 0.00000000	-0.00148148	-0.02185185	-0.01851852
 1.52430522	 0.00000000	-0.00148148	-0.02185185	-0.01851852
 1.52938616	 0.00000000	-0.00148148	-0.02185185	-0.01851852
 1.53446722	 0.00000000	-0.00148148	-0.02148148	-0.01814815
 1.53954828	 0.00000000	-0.00148148	-0.02185185	-0.01814815
 1.54462922	 0.00000000	-0.00148148	-0.02185185	-0.01814815
 1.54971027	 0.00000000	-0.00148148	-0.02185185	-0.01814815
 1.55479133	 0.00000000	-0.00148148	-0.02185185	-0.01814815
 1.55987227	 0.00000000	-0.00148148	-0.02185185	-0.01814815
 1.56495333	 0.00000000	-0.00148148	-0.02185185	-0.01814815
 1.57003438	 0.00000000	-0.00148148	-0.02185185	-0.01814815
 1.57511532	 0.00000000	-0.00148148	-0.02185185	-0.01814815
 1.58019638	 0.00000000	-0.00148148	-0.02185185	-0.01814815
 1.58527744	 0.00000000	-0.00111111	-0.02185185	-0.01814815
 1.59035838	 0.00000000	-0.00111111	-0.02185185	-0.01814815
 1.59543943	 0.00000000	-0.00111111	-0.02185185	-0.01814815
 1.60052049	 0.00000000	-0.00111111	-0.02111111	-0.01851852
 1.60560143	 0.00000000	-0.00111111	-0.02111111	-0.01851852
 1.61068249	 0.00037037	-0.00111111	-0.02111111	-0.01851852
 1.61576355	 0.00037037	-0.00111111	-0.02111111	-0.01851852
 1.62084448	 0.00037037	-0.00111111	-0.02111111	-0.01851852
 1.62592554	 0.00037037	-0.00092593	-0.02111111	-0.01851852
 1.63100660	 0.00037037	-0.00074074	-0.02148148	-0.01814815
 1.63608754	 0.00037037	-0.00074074	-0.02148148	-0.01814815
 1.64116859	 0.00037037	-0.00111111	-0.02148148	-0.01814815
 1.64624953	 0.00037037	-0.00074074	-0.02185185	-0.01814815
 1.65133059	 0.00037037	-0.00074074	-0.02185185	-0.01814815
 1.65641165	 0.00037037	-0.00074074	-0.02185185	-0.01814815
 1.66149259	 0.00037037	-0.00074074	-0.02185185	-0.01814815
 1.66657364	 0.00001157	-0.00070602	-0.02148148	-0.01851852
 1.67165470	-0.00034723	-0.00067130	-0.02148148	-0.01851852
 1.67673564	-0.00070602	-0.00063657	-0.02185185	-0.01851852
 1.68181670	-0.00106482	-0.00060185	-0.02185185	-0.01851852
 1.68689775	-0.00142362	-0.00056713	-0.02185185	-0.01851852
 1.69197869	-0.00178241	-0.00053241	-0.02185185	-0.01851852
 1.69705975	-0.00214121	-0.00049769	-0.02185185	-0.01851852
 1.70214081	-0.00250000	-0.00046296	-0.02185185	-0.01851852
 1.70722175	-0.00285879	-0.00042824	-0.02185185	-0.01851852
 1.71230280	-0.00321759	-0.00039352	-0.02185185	-0.01851852
 1.71738386	-0.00357639	-0.00035880	-0.02148148	-0.01851852
 1.72246480	-0.00393518	-0.00032407	-0.02148148	-0.01851852
 1.72754586	-0.00429398	-0.00028935	-0.02185185	-0.01851852
 1.73262691	-0.00465278	-0.00025463	-0.02185185	-0.01851852
 1.73770785	-0.00501157	-0.00021991	-0.02148148	-0.01851852
 1.74278891	-0.00537037	-0.00018519	-0.02148148	-0.01851852
 1.74786997	-0.00572917	-0.00015046	-0.02185185	-0.01851852
 1.75295091	-0.00608796	-0.00011574	-0.02185185	-0.01814815
 1.75803196	-0.00644676	-0.00008102	-0.02185185	-0.01814815
 1.76311302	-0.00680556	-0.00004630	-0.02185185	-0.01814815
 1.76819396	-0.00716435	-0.00001157	-0.02185185	-0.01814815
 1.77327502	-0.00752315	 0.00002315	-0.02185185	-0.01814815
 1.77835608	-0.00788195	 0.00005787	-0.02185185	-0.01814815
 1.78343701	-0.00824074	 0.00009259	-0.02148148	-0.01851852
 1.78851807	-0.00859953	 0.00012731	-0.02148148	-0.01851852
 1.79359913	-0.00895833	 0.00016204	-0.02148148	-0.01851852
 1.79868007	-0.00931712	 0.00019676	-0.02148148	-0.01851852
 1.80376112	-0.00967592	 0.00023148	-0.02148148	-0.01814815
 1.80884218	-0.01003472	 0.00026620	-0.02111111	-0.01851852
 1.81392312	-0.01039351	 0.00030093	-0.02111111	-0.01851852
 1.81900418	-0.01075231	 0.00033565	-0.02111111	-0.01851852
 1.82408524	-0.01111111	 0.00037037	-0.02111111	-0.01851852
 1.82916617	-0.01030865	 0.00055555	-0.02111111	-0.01851852
 1.83424723	-0.00950618	 0.00074074	-0.02148148	-0.01814815
 1.83932829	-0.00870370	 0.00092593	-0.02111111	-0.01814815
 1.84440923	-0.00790125	 0.00111111	-0.02148148	-0.01814815
 1.84949028	-0.00709877	 0.00129629	-0.02148148	-0.01814815
 1.85457134	-0.00629630	 0.00148148	-0.02185185	-0.01814815
 1.85965228	-0.00592593	 0.00259259	-0.02148148	-0.01814815
 1.86473334	-0.00481481	 0.00370370	-0.02111111	-0.01851852
 1.86981440	-0.00407407	 0.00481481	-0.02111111	-0.01851852
 1.87489533	-0.00407407	 0.00555556	-0.02111111	-0.01851852
 1.87997639	-0.00370370	 0.00666667	-0.02111111	-0.01851852
 1.88505745	-0.00333333	 0.00703704	-0.02111111	-0.01851852
 1.89013839	-0.00296296	 0.00740741	-0.02111111	-0.01851852
 1.89521945	-0.00259259	 0.00703704	-0.02111111	-0.01851852
 1.90030050	-0.00238095	 0.00661375	-0.02111111	-0.01851852
 1.90538144	-0.00216931	 0.00619048	-0.02111111	-0.01851852
 1.91046250	-0.00195767	 0.00576720	-0.02111111	-0.01814815
 1.91554356	-0.00174603	 0.00534391	-0.02111111	-0.01814815
 1.92062449	-0.00153439	 0.00492064	-0.02111111	-0.01814815
 1.92570555	-0.00132275	 0.00449736	-0.02111111	-0.01851852
 1.93078661	-0.00111111	 0.00407407	-0.02111111	-0.01851852
 1.93586755	-0.00111111	 0.00333333	-0.02111111	-0.01851852
 1.94094861	-0.00111111	 0.00259259	-0.02111111	-0.01851852
 1.94602966	-0.00111111	 0.00259259	-0.02111111	-0.01851852
 1.95111060	-0.00111111	 0.00259259	-0.02111111	-0.01851852
 1.95619166	-0.00111111	 0.00296296	-0.02111111	-0.01851852
 1.96127272	-0.00074074	 0.00296296	-0.02111111	-0.01851852
 1.96635365	-0.00037037	 0.00296296	-0.02111111	-0.01814815
 1.97143471	 0.00000000	 0.00259259	-0.02111111	-0.01814815
 1.97651577	 0.00000000	 0.00222222	-0.02111111	-0.01814815
 1.98159671	 0.00000000	 0.00185185	-0.02111111	-0.01814815
 1.98667777	-0.00012346	 0.00222223	-0.02111111	-0.01814815
 1.99175882	-0.00024692	 0.00259260	-0.02111111	-0.01814815
 1.99683976	-0.00037037	 0.00296296	-0.02111111	-0.01814815
 2.00192070	-0.00037037	 0.00407407	-0.02111111	-0.01814815
 2.00700188	-0.00018518	 0.00425926	-0.02111111	-0.01851852
 2.01208282	 0.00000000	 0.00444444	-0.02111111	-0.01851852
 2.01716375	 0.00037037	 0.00370370	-0.02111111	-0.01851852
 2.02224493	 0.00051852	 0.00303702	-0.02111111	-0.01851852
 2.02732587	 0.00066667	 0.00237036	-0.02111111	-0.01851852
 2.03240681	 0.00081481	 0.00170371	-0.02111111	-0.01851852
 2.03748798	 0.00096297	 0.00103702	-0.02111111	-0.01851852
 2.04256892	 0.00111111	 0.00037037	-0.02111111	-0.01814815
 2.04764986	 0.00111111	 0.00240736	-0.02111111	-0.01814815
 2.05273104	 0.00111111	 0.00444444	-0.02111111	-0.01814815
 2.05781198	 0.00148148	 0.00629630	-0.02111111	-0.01814815
 2.06289291	 0.00148148	 0.00740741	-0.02111111	-0.01814815
 2.06797409	 0.00175927	 0.00675924	-0.02111111	-0.01814815
 2.07305503	 0.00203704	 0.00611111	-0.02111111	-0.01851852
 2.07813597	 0.00231481	 0.00546298	-0.02111111	-0.01851852
 2.08321714	 0.00259259	 0.00481481	-0.02111111	-0.01851852
 2.08829808	 0.00314815	 0.00277778	-0.02111111	-0.01851852
 2.09337902	 0.00370370	 0.00074074	-0.02111111	-0.01851852
 2.09846020	 0.00407407	-0.00074074	-0.02111111	-0.01814815
 2.10354114	 0.00462962	-0.00101852	-0.02111111	-0.01851852
 2.10862207	 0.00518517	-0.00129629	-0.02111111	-0.01851852
 2.11370325	 0.00574075	-0.00157408	-0.02111111	-0.01851852
 2.11878419	 0.00629630	-0.00185185	-0.02111111	-0.01851852
 2.12386513	 0.00703704	-0.00074074	-0.02111111	-0.01851852
 2.12894630	 0.00777778	 0.00222222	-0.02111111	-0.01851852
 2.13402724	 0.00784832	 0.00276895	-0.02111111	-0.01851852
 2.13910818	 0.00791887	 0.00331568	-0.02111111	-0.01851852
 2.14418936	 0.00798942	 0.00386243	-0.02111111	-0.01851852
 2.14927030	 0.00805996	 0.00440916	-0.02111111	-0.01851852
 2.15435123	 0.00813051	 0.00495589	-0.02111111	-0.01851852
 2.15943241	 0.00820106	 0.00550265	-0.02111111	-0.01851852
 2.16451335	 0.00827160	 0.00604937	-0.02111111	-0.01851852
 2.16959429	 0.00834215	 0.00659610	-0.02111111	-0.01851852
 2.17467546	 0.00841270	 0.00714286	-0.02111111	-0.01851852
 2.17975640	 0.00848324	 0.00768959	-0.02148148	-0.01851852
 2.18483734	 0.00855379	 0.00823631	-0.02148148	-0.01851852
 2.18991852	 0.00862434	 0.00878307	-0.02148148	-0.01814815
 2.19499946	 0.00869488	 0.00932980	-0.02148148	-0.01814815
 2.20008039	 0.00876543	 0.00987653	-0.02148148	-0.01851852
 2.20516157	 0.00883598	 0.01042328	-0.02148148	-0.01851852
 2.21024251	 0.00890652	 0.01097001	-0.02148148	-0.01851852
 2.21532345	 0.00897707	 0.01151674	-0.02148148	-0.01851852
 2.22040462	 0.00904762	 0.01206349	-0.02148148	-0.01851852
 2.22548556	 0.00911816	 0.01261022	-0.02111111	-0.01851852
 2.23056650	 0.00918871	 0.01315695	-0.02148148	-0.01851852
 2.23564768	 0.00925926	 0.01370370	-0.02111111	-0.01851852
 2.24072862	 0.00962963	 0.01481481	-0.02111111	-0.01851852
 2.24580956	 0.01000000	 0.01592593	-0.02111111	-0.01851852
 2.25089073	 0.01018519	 0.01814820	-0.02148148	-0.01851852
 2.25597167	 0.01037037	 0.02037037	-0.02148148	-0.01851852
 2.26105261	 0.01005209	 0.02038773	-0.02148148	-0.01814815
 2.26613379	 0.00973379	 0.02040509	-0.02185185	-0.01814815
 2.27121472	 0.00941551	 0.02042245	-0.02148148	-0.01851852
 2.27629566	 0.00909723	 0.02043981	-0.02148148	-0.01851852
 2.28137684	 0.00877893	 0.02045718	-0.02148148	-0.01851852
 2.28645778	 0.00846065	 0.02047454	-0.02148148	-0.01851852
 2.29153872	 0.00814237	 0.02049190	-0.02148148	-0.01851852
 2.29661989	 0.00782407	 0.02050926	-0.02148148	-0.01851852
 2.30170083	 0.00750579	 0.02052662	-0.02148148	-0.01851852
 2.30678177	 0.00718750	 0.02054398	-0.02148148	-0.01851852
 2.31186295	 0.00686921	 0.02056134	-0.02148148	-0.01851852
 2.31694388	 0.00655092	 0.02057870	-0.02111111	-0.01851852
 2.32202482	 0.00623264	 0.02059606	-0.02111111	-0.01851852
 2.32710600	 0.00591435	 0.02061343	-0.02111111	-0.01851852
 2.33218694	 0.00559606	 0.02063079	-0.02148148	-0.01851852
 2.33726788	 0.00527778	 0.02064815	-0.02148148	-0.01851852
 2.34234905	 0.00495948	 0.02066551	-0.02148148	-0.01851852
 2.34742999	 0.00464120	 0.02068287	-0.02148148	-0.01851852
 2.35251093	 0.00432292	 0.02070023	-0.02148148	-0.01851852
 2.35759211	 0.00400462	 0.02071759	-0.02148148	-0.01851852
 2.36267304	 0.00368634	 0.02073495	-0.02148148	-0.01851852
 2.36775398	 0.00336806	 0.02075231	-0.02111111	-0.01851852
 2.37283516	 0.00304976	 0.02076968	-0.02148148	-0.01851852
 2.37791610	 0.00273148	 0.02078704	-0.02148148	-0.01814815
 2.38299704	 0.00241320	 0.02080440	-0.02148148	-0.01814815
 2.38807821	 0.00209490	 0.02082176	-0.02148148	-0.01851852
 2.39315915	 0.00177662	 0.02083912	-0.02148148	-0.01851852
 2.39824009	 0.00145834	 0.02085648	-0.02111111	-0.01851852
 2.40332127	 0.00114004	 0.02087384	-0.02148148	-0.01851852
 2.40840220	 0.00082176	 0.02089120	-0.02111111	-0.01851852
 2.41348314	 0.00050347	 0.02090856	-0.02148148	-0.01851852
 2.41856432	 0.00018518	 0.02092593	-0.02111111	-0.01851852
 2.42364526	-0.00013310	 0.02094329	-0.02111111	-0.01851852
 2.42872620	-0.00045139	 0.02096065	-0.02111111	-0.01851852
 2.43380737	-0.00076968	 0.02097801	-0.02111111	-0.01851852
 2.43888831	-0.00108797	 0.02099537	-0.02111111	-0.01851852
 2.44396925	-0.00140625	 0.02101273	-0.02148148	-0.01851852
 2.44905043	-0.00172454	 0.02103009	-0.02111111	-0.01851852
 2.45413136	-0.00204283	 0.02104745	-0.02148148	-0.01814815
 2.45921230	-0.00236111	 0.02106482	-0.02185185	-0.01814815
 2.46429348	-0.00267941	 0.02108218	-0.02148148	-0.01814815
 2.46937442	-0.00299769	 0.02109954	-0.02148148	-0.01814815
 2.47445536	-0.00331597	 0.02111690	-0.02111111	-0.01851852
 2.47953653	-0.00363427	 0.02113426	-0.02111111	-0.01851852
 2.48461747	-0.00395255	 0.02115162	-0.02111111	-0.01851852
 2.48969841	-0.00427083	 0.02116898	-0.02111111	-0.01851852
 2.49477959	-0.00458913	 0.02118634	-0.02111111	-0.01851852
 2.49986053	-0.00490741	 0.02120370	-0.02111111	-0.01851852
 2.50494146	-0.00522569	 0.02122107	-0.02111111	-0.01851852
 2.51002264	-0.00554399	 0.02123843	-0.02111111	-0.01851852
 2.51510358	-0.00586227	 0.02125579	-0.02148148	-0.01851852
 2.52018452	-0.00618055	 0.02127315	-0.02148148	-0.01851852
 2.52526569	-0.00649885	 0.02129051	-0.02111111	-0.01851852
 2.53034663	-0.00681713	 0.02130787	-0.02111111	-0.01851852
 2.53542757	-0.00713542	 0.02132523	-0.02111111	-0.01851852
 2.54050875	-0.00745371	 0.02134259	-0.02148148	-0.01851852
 2.54558969	-0.00777200	 0.02135995	-0.02148148	-0.01851852
 2.55067062	-0.00809028	 0.02137732	-0.02148148	-0.01851852
 2.55575156	-0.00840856	 0.02139468	-0.02148148	-0.01851852
 2.56083274	-0.00872686	 0.02141204	-0.02148148	-0.01851852
 2.56591368	-0.00904514	 0.02142940	-0.02148148	-0.01851852
 2.57099462	-0.00936342	 0.02144676	-0.02148148	-0.01851852
 2.57607579	-0.00968172	 0.02146412	-0.02185185	-0.01851852
 2.58115673	-0.01000000	 0.02148148	-0.02185185	-0.01814815
 2.58623767	-0.01066665	 0.02044446	-0.02148148	-0.01851852
 2.59131885	-0.01133334	 0.01940740	-0.02148148	-0.01851852
 2.59639978	-0.01199999	 0.01837038	-0.02148148	-0.01851852
 2.60148072	-0.01266665	 0.01733336	-0.02148148	-0.01851852
 2.60656190	-0.01333333	 0.01629630	-0.02148148	-0.01851852
 2.61164284	-0.01296297	 0.01638344	-0.02148148	-0.01851852
 2.61672378	-0.01259260	 0.01647059	-0.02148148	-0.01851852
 2.62180495	-0.01222222	 0.01655773	-0.02148148	-0.01851852
 2.62688589	-0.01185185	 0.01664488	-0.02185185	-0.01851852
 2.63196683	-0.01148149	 0.01673202	-0.02148148	-0.01851852
 2.63704801	-0.01111111	 0.01681917	-0.02148148	-0.01851852
 2.64212894	-0.01074074	 0.01690632	-0.02148148	-0.01851852
 2.64720988	-0.01037038	 0.01699346	-0.02148148	-0.01851852
 2.65229106	-0.00999999	 0.01708061	-0.02148148	-0.01851852
 2.65737200	-0.00962963	 0.01716776	-0.02148148	-0.01851852
 2.66245294	-0.00925926	 0.01725490	-0.02148148	-0.01851852
 2.66753411	-0.00888888	 0.01734205	-0.02148148	-0.01851852
 2.67261505	-0.00851851	 0.01742919	-0.02148148	-0.01851852
 2.67769599	-0.00814815	 0.01751634	-0.02148148	-0.01851852
 2.68277717	-0.00777777	 0.01760349	-0.02148148	-0.01851852
 2.68785810	-0.00740740	 0.01769063	-0.02148148	-0.01851852
 2.69293904	-0.00703704	 0.01777778	-0.02148148	-0.01851852
 2.69802022	-0.00725927	 0.01688886	-0.02148148	-0.01851852
 2.70310116	-0.00748148	 0.01599999	-0.02148148	-0.01851852
 2.70818210	-0.00770370	 0.01511112	-0.02185185	-0.01851852
 2.71326327	-0.00792593	 0.01422221	-0.02185185	-0.01814815
 2.71834421	-0.00814815	 0.01333333	-0.02185185	-0.01851852
 2.72342515	-0.00753087	 0.01185188	-0.02148148	-0.01851852
 2.72850633	-0.00691357	 0.01037035	-0.02148148	-0.01851852
 2.73358727	-0.00629630	 0.00888889	-0.02148148	-0.01851852
 2.73866820	-0.00600001	 0.00918518	-0.02148148	-0.01851852
 2.74374938	-0.00570370	 0.00948148	-0.02148148	-0.01851852
 2.74883032	-0.00540741	 0.00977777	-0.02148148	-0.01851852
 2.75391126	-0.00511112	 0.01007407	-0.02148148	-0.01851852
 2.75899243	-0.00481481	 0.01037037	-0.02111111	-0.01851852
 2.76407337	-0.00481481	 0.01111111	-0.02148148	-0.01851852
 2.76915431	-0.00472222	 0.01212962	-0.02148148	-0.01851852
 2.77423549	-0.00462963	 0.01314817	-0.02148148	-0.01851852
 2.77931643	-0.00453704	 0.01416668	-0.02111111	-0.01851852
 2.78439736	-0.00444444	 0.01518519	-0.02111111	-0.01851852
 2.78947854	-0.00407407	 0.01444444	-0.02148148	-0.01851852
 2.79455948	-0.00351852	 0.01250002	-0.02148148	-0.01851852
 2.79964042	-0.00296298	 0.01055560	-0.02148148	-0.01851852
 2.80472159	-0.00240740	 0.00861109	-0.02111111	-0.01851852
 2.80980253	-0.00185185	 0.00666667	-0.02111111	-0.01851852
 2.81488347	-0.00185185	 0.00518519	-0.02111111	-0.01851852
 2.81996465	-0.00197531	 0.00407404	-0.02111111	-0.01851852
 2.82504559	-0.00209877	 0.00296295	-0.02111111	-0.01851852
 2.83012652	-0.00222222	 0.00185185	-0.02111111	-0.01851852
 2.83520770	-0.00234568	 0.00074071	-0.02111111	-0.01814815
 2.84028864	-0.00246914	-0.00037039	-0.02111111	-0.01814815
 2.84536958	-0.00259259	-0.00148148	-0.02111111	-0.01814815
 2.85045075	-0.00259259	-0.00185185	-0.02111111	-0.01814815
 2.85553169	-0.00259259	-0.00222222	-0.02111111	-0.01814815
 2.86061263	-0.00259259	-0.00259259	-0.02111111	-0.01814815
 2.86569381	-0.00259259	-0.00296296	-0.02111111	-0.01814815
 2.87077475	-0.00259259	-0.00277778	-0.02111111	-0.01814815
 2.87585568	-0.00259259	-0.00259259	-0.02111111	-0.01851852
 2.88093686	-0.00246913	-0.00197529	-0.02111111	-0.01851852
 2.88601780	-0.00234568	-0.00135801	-0.02111111	-0.01851852
 2.89109874	-0.00222222	-0.00074074	-0.02111111	-0.01851852
 2.89617991	-0.00209876	-0.00012344	-0.02074074	-0.01851852
 2.90126085	-0.00197531	 0.00049384	-0.02074074	-0.01851852
 2.90634179	-0.00185185	 0.00111111	-0.02074074	-0.01851852
 2.91142297	-0.00172839	 0.00172841	-0.02111111	-0.01851852
 2.91650391	-0.00160494	 0.00234569	-0.02111111	-0.01814815
 2.92158484	-0.00148148	 0.00296296	-0.02074074	-0.01814815
 2.92666602	-0.00135802	 0.00358027	-0.02074074	-0.01851852
 2.93174696	-0.00123457	 0.00419754	-0.02074074	-0.01851852
 2.93682790	-0.00111111	 0.00481481	-0.02111111	-0.01814815
 2.94190907	-0.00092592	 0.00277773	-0.02111111	-0.01814815
 2.94699001	-0.00074074	 0.00074074	-0.02074074	-0.01814815
 2.95207095	-0.00074074	-0.00037037	-0.02074074	-0.01814815
 2.95715213	-0.00058201	-0.00063493	-0.02074074	-0.01814815
 2.96223307	-0.00042328	-0.00089947	-0.02074074	-0.01814815
 2.96731400	-0.00026455	-0.00116402	-0.02111111	-0.01814815
 2.97239518	-0.00010582	-0.00142858	-0.02074074	-0.01851852
 2.97747612	 0.00005291	-0.00169312	-0.02074074	-0.01851852
 2.98255706	 0.00021164	-0.00195766	-0.02074074	-0.01851852
 2.98763824	 0.00037037	-0.00222222	-0.02074074	-0.01851852
 2.99271917	 0.00074074	-0.00185185	-0.02074074	-0.01814815
 2.99780011	 0.00111111	-0.00185185	-0.02074074	-0.01814815
 3.00288129	 0.00148148	-0.00148148	-0.02074074	-0.01814815
 3.00796223	 0.00148148	-0.00074074	-0.02074074	-0.01814815
 3.01304317	 0.00148148	-0.00000000	-0.02074074	-0.01814815
 3.01812434	 0.00148148	 0.00074074	-0.02074074	-0.01851852
 3.02320528	 0.00148148	 0.00148148	-0.02074074	-0.01814815
 3.02828622	 0.00148148	 0.00222222	-0.02074074	-0.01851852
 3.03336740	 0.00148148	 0.00333333	-0.02074074	-0.01851852
 3.03844833	 0.00148148	 0.00444444	-0.02074074	-0.01851852
 3.04352927	 0.00148148	 0.00555556	-0.02074074	-0.01814815
 3.04861045	 0.00138889	 0.00530863	-0.02074074	-0.01814815
 3.05369139	 0.00129629	 0.00506172	-0.02074074	-0.01814815
 3.05877233	 0.00120370	 0.00481481	-0.02074074	-0.01814815
 3.06385350	 0.00111111	 0.00456789	-0.02074074	-0.01814815
 3.06893444	 0.00101852	 0.00432098	-0.02074074	-0.01814815
 3.07401538	 0.00092593	 0.00407407	-0.02074074	-0.01814815
 3.07909656	 0.00083333	 0.00382715	-0.02074074	-0.01814815
 3.08417749	 0.00074074	 0.00358024	-0.02074074	-0.01814815
 3.08925843	 0.00064815	 0.00333333	-0.02074074	-0.01814815
 3.09433961	 0.00055555	 0.00308641	-0.02074074	-0.01814815
 3.09942055	 0.00046296	 0.00283950	-0.02074074	-0.01814815
 3.10450149	 0.00037037	 0.00259259	-0.02074074	-0.01851852
 3.10958266	 0.00037037	 0.00148148	-0.02074074	-0.01851852
 3.11466360	 0.00037037	 0.00074074	-0.02074074	-0.01851852
 3.11974454	 0.00037037	-0.00000000	-0.02074074	-0.01814815
 3.12482572	 0.00074074	-0.00111111	-0.02074074	-0.01814815
 3.12990665	 0.00083333	-0.00111111	-0.02074074	-0.01814815
 3.13498759	 0.00092592	-0.00111111	-0.02074074	-0.01814815
 3.14006877	 0.00101852	-0.00111111	-0.02111111	-0.01814815
 3.14514971	 0.00111111	-0.00111111	-0.02111111	-0.01814815
 3.15023065	 0.00111111	-0.00074074	-0.02111111	-0.01814815
 3.15531182	 0.00111111	-0.00000000	-0.02111111	-0.01814815
 3.16039276	 0.00148148	 0.00111111	-0.02111111	-0.01814815
 3.16547370	 0.00111111	 0.00185185	-0.02111111	-0.01814815
 3.17055488	 0.00111111	 0.00333333	-0.02111111	-0.01814815
 3.17563581	 0.00111111	 0.00444444	-0.02111111	-0.01814815
 3.18071675	 0.00111111	 0.00555556	-0.02111111	-0.01814815
 3.18579793	 0.00111111	 0.00703704	-0.02111111	-0.01814815
 3.19087887	 0.00111111	 0.00851852	-0.02111111	-0.01814815
 3.19595981	 0.00111111	 0.00962963	-0.02111111	-0.01814815
 3.20104098	 0.00111111	 0.01037037	-0.02111111	-0.01814815
 3.20612192	 0.00120370	 0.01004630	-0.02111111	-0.01851852
 3.21120286	 0.00129629	 0.00972223	-0.02111111	-0.01851852
 3.21628404	 0.00138889	 0.00939814	-0.02111111	-0.01851852
 3.22136497	 0.00148148	 0.00907407	-0.02111111	-0.01851852
 3.22644591	 0.00157407	 0.00875000	-0.02111111	-0.01851852
 3.23152709	 0.00166667	 0.00842592	-0.02111111	-0.01851852
 3.23660803	 0.00175926	 0.00810185	-0.02111111	-0.01851852
 3.24168897	 0.00185185	 0.00777778	-0.02148148	-0.01851852
 3.24677014	 0.00185185	 0.00740741	-0.02148148	-0.01851852
 3.25185108	 0.00185185	 0.00740741	-0.02148148	-0.01851852
 3.25693202	 0.00148148	 0.00703704	-0.02185185	-0.01851852
 3.26201320	 0.00111111	 0.00703704	-0.02185185	-0.01851852
 3.26709414	 0.00074074	 0.00740741	-0.02185185	-0.01851852
 3.27217507	 0.00037037	 0.00777778	-0.02222222	-0.01851852
 3.27725625	 0.00037037	 0.00851852	-0.02222222	-0.01851852
 3.28233719	 0.00000000	 0.00925926	-0.02222222	-0.01851852
 3.28741813	 0.00000000	 0.01000000	-0.02222222	-0.01888889
 3.29249907	-0.00037037	 0.01111111	-0.02222222	-0.01888889
 3.29758024	-0.00037037	 0.01185185	-0.02259259	-0.01888889
 3.30266118	 0.00000000	 0.01259259	-0.02259259	-0.01888889
 3.30774212	 0.00000000	 0.01333333	-0.02259259	-0.01888889
 3.31282330	 0.00000000	 0.01407407	-0.02296296	-0.01925926
 3.31790423	 0.00000000	 0.01481481	-0.02296296	-0.01925926
 3.32298517	 0.00018518	 0.01432100	-0.02333333	-0.01925926
 3.32806635	 0.00037037	 0.01382715	-0.02333333	-0.01925926
 3.33314729	 0.00055556	 0.01333333	-0.02370370	-0.01925926
 3.33822823	 0.00074074	 0.01283951	-0.02370370	-0.01925926
 3.34330940	 0.00092593	 0.01234567	-0.02407407	-0.01925926
 3.34839034	 0.00111111	 0.01185185	-0.02444444	-0.01925926
 3.35347128	 0.00111111	 0.01148148	-0.02444444	-0.01925926
 3.35855246	 0.00111111	 0.01111111	-0.02481481	-0.01962963
 3.36363339	 0.00111111	 0.01074074	-0.02481481	-0.01962963
 3.36871433	 0.00148148	 0.01037037	-0.02555555	-0.01962963
 3.37379551	 0.00148148	 0.00962963	-0.02555555	-0.01962963
 3.37887645	 0.00148148	 0.00925926	-0.02592593	-0.01962963
 3.38395739	 0.00185185	 0.00888889	-0.02666667	-0.02000000
 3.38903856	 0.00148148	 0.00851852	-0.02666667	-0.02000000
 3.39411950	 0.00148148	 0.00814815	-0.02740741	-0.02000000
 3.39920044	 0.00125926	 0.00851851	-0.02740741	-0.02037037
 3.40428162	 0.00103703	 0.00888889	-0.02814815	-0.02037037
 3.40936255	 0.00081482	 0.00925926	-0.02888889	-0.02037037
 3.41444349	 0.00059260	 0.00962962	-0.02962963	-0.02037037
 3.41952467	 0.00037037	 0.01000000	-0.03037037	-0.02037037
 3.42460561	 0.00037037	 0.01074074	-0.03111111	-0.02074074
 3.42968655	-0.00037037	 0.01222222	-0.03148148	-0.02074074
 3.43476772	-0.00040404	 0.01282830	-0.03222222	-0.02111111
 3.43984866	-0.00043771	 0.01343435	-0.03296296	-0.02148148
 3.44492960	-0.00047138	 0.01404040	-0.03407407	-0.02185185
 3.45001078	-0.00050505	 0.01464648	-0.03444444	-0.02185185
 3.45509171	-0.00053872	 0.01525253	-0.03555555	-0.02222222
 3.46017265	-0.00057239	 0.01585858	-0.03629629	-0.02259259
 3.46525383	-0.00060606	 0.01646466	-0.03777778	-0.02259259
 3.47033477	-0.00063973	 0.01707071	-0.03851852	-0.02296296
 3.47541571	-0.00067340	 0.01767676	-0.04000000	-0.02333333
 3.48049688	-0.00070707	 0.01828284	-0.04111111	-0.02407407
 3.48557782	-0.00074074	 0.01888889	-0.04222222	-0.02444444
 3.49065876	-0.00037037	 0.01740741	-0.04296296	-0.02481481
 3.49573994	-0.00037037	 0.01555556	-0.04407407	-0.02518518
 3.50082088	 0.00000000	 0.01407407		
 3.50590181	 0.00037037	 0.01259259		
 3.51098299	 0.00037037	 0.01111111		
 3.51606393	 0.00074074	 0.01000000		
 3.52114487	 0.00074074	 0.00962963		
 3.52622604	 0.00074074	 0.00888889		
 3.53130698	 0.00074074	 0.00925926		
 3.53638792	 0.00074074	 0.00962963		
 3.54146910	 0.00111111	 0.01000000		
 3.54655004	 0.00111111	 0.01074074		
 3.55163097	 0.00074074	 0.01185185		
 3.55671215	 0.00037037	 0.01296296		
 3.56179309	 0.00037037	 0.01444444		
 3.56687403	 0.00037037	 0.01592593		
 3.57195520	 0.00000000	 0.01703704		
 3.57703614	-0.00037037	 0.01814815		
 3.58211708	-0.00037037	 0.01888889		
 3.59227920	-0.00111111	 0.01888889		
 3.59736013	-0.00111111	 0.01851852		
 3.60244131	-0.00111111	 0.01777778		
 3.61260319	-0.00148148	 0.01592593		
 3.61768436	-0.00148148	 0.01518519		
 3.62276530	-0.00148148	 0.01370370		
 3.66341352	-0.00185185	 0.01074074		
 3.67357540	-0.00222222	 0.01148148		
 3.67865658	-0.00222222	 0.01185185		
 3.68373752	-0.00259259	 0.01259259		
 3.68881845	-0.00259259	 0.01296296		
 3.69389963	-0.00259259	 0.01333333		
 3.69898057	-0.00296296	 0.01370370		
 3.70406151	-0.00296296	 0.01370370		
 3.70914268	-0.00333333	 0.01370370		
 3.71422362	-0.00333333	 0.01333333		
 3.71930456	-0.00333333	 0.01259259		
 3.72438574	-0.00333333	 0.01185185		
 3.72946668	-0.00333333	 0.01111111		
 3.73454762	-0.00333333	 0.01037037		
 3.73962879	-0.00333333	 0.01000000		
 3.74470973	-0.00333333	 0.00925926		
 3.74979067	-0.00333333	 0.00888889		
 3.75487185	-0.00333333	 0.00814815		
 3.75995278	-0.00333333	 0.00777778		
 3.76503372	-0.00296296	 0.00777778		
 3.77011490	-0.00296296	 0.00777778		
 3.77519584	-0.00259259	 0.00740741		
 3.78027678	-0.00296296	 0.00740741		
 3.78535795	-0.00296296	 0.00703704		
 3.79043889	-0.00296296	 0.00740741		
 3.79551983	-0.00333333	 0.00777778		
 3.80060101	-0.00333333	 0.00814815		
 3.86157322	-0.00370370	 0.00666667		
 3.86665416	-0.00333333	 0.00555556		
 3.87173510	-0.00296296	 0.00481481		
 3.87681627	-0.00259259	 0.00370370		
 3.88189721	-0.00259259	 0.00259259		
 3.88697815	-0.00222222	 0.00185185		
 3.89205933	-0.00185185	 0.00074074		
 3.89714026	-0.00185185	-0.00000000		
 3.90222120	-0.00185185	-0.00074074		
 3.90730238	-0.00148148	-0.00148148		
 3.91238332	-0.00148148	-0.00222222		
 3.91746426	-0.00148148	-0.00222222		
 3.92254543	-0.00185185	-0.00222222		
 3.92762637	-0.00185185	-0.00222222		
 3.93270731	-0.00185185	-0.00222222		
 3.93778849	-0.00185185	-0.00185185		
 3.94286942	-0.00185185	-0.00185185		
 3.94795036	-0.00185185	-0.00148148		
 3.95303154	-0.00222222	-0.00111111		
 3.95811248	-0.00222222	-0.00074074		
 3.96319342	-0.00222222	-0.00074074		
 3.96827459	-0.00222222	-0.00074074		
 3.97335553	-0.00222222	-0.00074074		
 3.98351765	-0.00185185	-0.00037037		
 3.98859859	-0.00185185	-0.00037037		
 3.99367952	-0.00185185	-0.00037037		
 3.99876070	-0.00185185	-0.00037037		
 4.00384140	-0.00185185	-0.00037037		
 4.00892258	-0.00185185	-0.00037037		
 4.01400375	-0.00185185	-0.00074074		
 4.01908445	-0.00185185	-0.00111111		
 4.02416563	-0.00185185	-0.00148148		
 4.02924681	-0.00185185	-0.00148148		
 4.03432751	-0.00185185	-0.00148148		
 4.03940868	-0.00148148	-0.00185185		
 4.04448986	-0.00148148	-0.00222222		
 4.04957056	-0.00148148	-0.00222222		
 4.05465174	-0.00148148	-0.00222222		
 4.05973291	-0.00148148	-0.00259259		
 4.06481361	-0.00111111	-0.00259259		
 4.06989479	-0.00111111	-0.00296296		
 4.07497597	-0.00111111	-0.00296296		
 4.08005667	-0.00111111	-0.00296296		
 4.08513784	-0.00111111	-0.00296296		
 4.09021902	-0.00111111	-0.00333333		
 4.10038090	-0.00074074	-0.00370370		
 4.10546207	-0.00111111	-0.00407407		
 4.11054277	-0.00074074	-0.00444444		
 4.11562395	-0.00074074	-0.00481481		
 4.12070513	-0.00111111	-0.00481481		
 4.12578583	-0.00111111	-0.00518519		
 4.13086700	-0.00111111	-0.00518519		
 4.13594818	-0.00111111	-0.00555556		
 4.14102888	-0.00111111	-0.00555556		
 4.14611006	-0.00111111	-0.00592593		
 4.15119123	-0.00111111	-0.00592593		
 4.15627193	-0.00111111	-0.00629630		
 4.16135311	-0.00111111	-0.00629630		
 4.16643429	-0.00111111	-0.00629630		
 4.17151499	-0.00111111	-0.00629630		
 4.17659616	-0.00074074	-0.00666667		
 4.18167734	-0.00074074	-0.00666667		
 4.18675804	-0.00074074	-0.00666667		
 4.19183922	-0.00074074	-0.00666667		
 4.19692039	-0.00037037	-0.00666667		
 4.20200109	-0.00037037	-0.00666667		
 4.20708227	-0.00037037	-0.00666667		
 4.21216345	-0.00037037	-0.00629630		
 4.21724415	-0.00037037	-0.00629630		
 4.22232533	-0.00037037	-0.00629630		
 4.22740650	-0.00037037	-0.00592593		
 4.23248720	-0.00037037	-0.00592593		
 4.23756838	-0.00037037	-0.00555556		
 4.24264956	-0.00037037	-0.00518519		
 4.24773026	-0.00037037	-0.00555556		
 4.25281143	-0.00037037	-0.00555556		
 4.25789261	-0.00037037	-0.00518519		
 4.26297331	-0.00037037	-0.00518519		
 4.26805449	-0.00037037	-0.00555556		
 4.27313566	 0.00000000	-0.00555556		
 4.27821636	-0.00037037	-0.00592593		
 4.28329754	-0.00037037	-0.00592593		
 4.28837872	-0.00037037	-0.00629630		
 4.29345942	-0.00037037	-0.00629630		
 4.29854059	-0.00037037	-0.00666667		
 4.30362177	-0.00074074	-0.00666667		
 4.30870247	-0.00074074	-0.00666667		
 4.31378365	-0.00074074	-0.00703704		
 4.31886482	-0.00074074	-0.00703704		
 4.32394552	-0.00074074	-0.00703704		
 4.32902670	-0.00074074	-0.00703704		
 4.33410788	-0.00037037	-0.00703704		
 4.33918858	-0.00037037	-0.00703704		
 4.34426975	-0.00037037	-0.00703704		
 4.34935093	 0.00000000	-0.00703704		
 4.35443163	 0.00000000	-0.00703704		
 4.35951281	 0.00037037	-0.00703704		
 4.36459398	 0.00037037	-0.00703704		
 4.36967468	 0.00037037	-0.00740741		
 4.37475586	 0.00037037	-0.00703704		
 4.37983704	 0.00037037	-0.00703704		
 4.38491774	 0.00037037	-0.00703704		
 4.38999891	 0.00037037	-0.00666667		
 4.39508009	 0.00037037	-0.00666667		
 4.40016079	 0.00037037	-0.00666667		
 4.40524197	 0.00037037	-0.00629630		
 4.41032314	 0.00037037	-0.00629630		
 4.41540384	 0.00037037	-0.00592593		
 4.42048502	 0.00037037	-0.00592593		
 4.42556620	 0.00037037	-0.00555556		
 4.43064690	 0.00037037	-0.00555556		
 4.43572807	 0.00037037	-0.00555556		
 4.44080925	 0.00037037	-0.00555556		
 4.44588995	 0.00037037	-0.00555556		
 4.45097113	 0.00037037	-0.00555556		
 4.45605230	 0.00037037	-0.00555556		
 4.46113300	 0.00037037	-0.00592593		
 4.46621418	 0.00037037	-0.00592593		
 4.47129536	 0.00037037	-0.00629630		
 4.47637606	 0.00037037	-0.00629630		
 4.48145723	 0.00074074	-0.00629630		
 4.48653841	 0.00074074	-0.00629630		
 4.49161911	 0.00074074	-0.00629630		
 4.49670029	 0.00074074	-0.00629630		
 4.50178146	 0.00074074	-0.00666667		
 4.50686216	 0.00074074	-0.00666667		
 4.51194334	 0.00111111	-0.00666667		
 4.51702452	 0.00111111	-0.00666667		
 4.52210522	 0.00111111	-0.00666667		
 4.52718639	 0.00111111	-0.00666667		
 4.53226757	 0.00111111	-0.00629630		
 4.54242945	 0.00148148	-0.00629630		
 4.54751062	 0.00148148	-0.00592593		
 4.55259132	 0.00148148	-0.00555556		
 4.55767250	 0.00185185	-0.00518519		
 4.56275368	 0.00185185	-0.00518519		
 4.56783438	 0.00185185	-0.00481481		
 4.57291555	 0.00185185	-0.00444444		
 4.57799673	 0.00185185	-0.00407407		
 4.58307743	 0.00222222	-0.00370370		
 4.58815861	 0.00222222	-0.00333333		
 4.59323978	 0.00222222	-0.00296296		
 4.59832048	 0.00259259	-0.00259259		
 4.60340166	 0.00259259	-0.00259259		
 4.60848284	 0.00259259	-0.00259259		
 4.61356354	 0.00259259	-0.00185185		
 4.61864471	 0.00259259	-0.00148148		
 4.62372589	 0.00259259	-0.00111111		
 4.62880659	 0.00259259	-0.00111111		
 4.68469810	 0.00259259	 0.00148148		
 4.68977880	 0.00259259	 0.00185185		
 4.75075102	 0.00185185	 0.00370370		
 4.75583220	 0.00148148	 0.00370370		
 4.76091337	 0.00148148	 0.00407407		
 4.76599407	 0.00148148	 0.00407407		
 4.77107525	 0.00111111	 0.00444444		
 4.77615643	 0.00111111	 0.00444444		
 4.78123713	 0.00111111	 0.00481481		
 4.78631830	 0.00074074	 0.00481481		
 4.79139948	 0.00037037	 0.00518519		
 4.79648018	 0.00037037	 0.00518519		
 4.80156136	 0.00037037	 0.00518519		
 4.80664253	 0.00037037	 0.00518519		
 4.81172323	 0.00000000	 0.00555556		
 4.81680441	 0.00000000	 0.00555556		
 4.82188559	 0.00000000	 0.00592593		
 4.82696629	-0.00037037	 0.00592593		
 4.83204746	-0.00037037	 0.00629630		
 4.83712864	-0.00037037	 0.00666667		
 4.84220934	-0.00037037	 0.00703704		
 4.84729052	-0.00074074	 0.00703704		
 4.85237169	-0.00074074	 0.00740741		
 4.86253357	-0.00074074	 0.00740741		
 4.86761475	-0.00111111	 0.00777778		
 4.87269545	-0.00111111	 0.00814815		
 4.87777662	-0.00111111	 0.00814815		
 4.88285780	-0.00111111	 0.00814815		
 4.88793850	-0.00111111	 0.00814815		
 4.89301968	-0.00148148	 0.00814815		
 4.89810085	-0.00148148	 0.00814815		
 4.90318155	-0.00148148	 0.00814815		
 4.90826273	-0.00148148	 0.00777778		
 4.91334391	-0.00148148	 0.00777778		
 4.91842461	-0.00185185	 0.00740741		
 4.92350578	-0.00185185	 0.00740741		
 4.92858696	-0.00185185	 0.00703704		
 4.93366766	-0.00185185	 0.00703704		
 4.93874884	-0.00185185	 0.00666667		
 4.94383001	-0.00185185	 0.00629630		
 4.94891071	-0.00185185	 0.00592593		
 4.95399189	-0.00222222	 0.00555556		
 4.95907307	-0.00185185	 0.00555556		
 4.96415377	-0.00185185	 0.00518519		
 4.96923494	-0.00222222	 0.00481481		
 4.97431612	-0.00222222	 0.00444444		
 4.97939682	-0.00222222	 0.00370370		
 4.98447800	-0.00222222	 0.00370370		
 4.98955917	-0.00222222	 0.00370370		
 4.99463987	-0.00222222	 0.00333333		
 4.99972105	-0.00259259	 0.00333333		
 5.00480223	-0.00222222	 0.00296296		
 5.00988293	-0.00222222	 0.00259259		
 5.01496410	-0.00222222	 0.00259259		
 5.02004528	-0.00222222	 0.00222222		
 5.02512598	-0.00259259	 0.00185185		
 5.03020716	-0.00259259	 0.00148148		
 5.03528833	-0.00259259	 0.00148148		
 5.04036903	-0.00259259	 0.00111111		
 5.04545021	-0.00259259	 0.00074074		
 5.05053139	-0.00259259	 0.00037037		
 5.05561209	-0.00259259	-0.00000000		
 5.06069326	-0.00259259	-0.00037037		
 5.06577444	-0.00259259	-0.00037037		
 5.07085514	-0.00259259	-0.00074074		
 5.07593632	-0.00259259	-0.00111111		
 5.08101749	-0.00259259	-0.00111111		
 5.08609819	-0.00222222	-0.00148148		
 5.09117937	-0.00222222	-0.00148148		
 5.09626055	-0.00222222	-0.00185185		
 5.10134125	-0.00185185	-0.00185185		
 5.10642242	-0.00185185	-0.00185185		
 5.11150312	-0.00185185	-0.00185185		
 5.11658430	-0.00185185	-0.00185185		
 5.12166548	-0.00148148	-0.00185185		
 5.12674618	-0.00148148	-0.00185185		
 5.13182735	-0.00148148	-0.00148148		
 5.13690853	-0.00111111	-0.00148148		
 5.14198923	-0.00111111	-0.00148148		
 5.14707041	-0.00111111	-0.00111111		
 5.15215158	-0.00074074	-0.00074074		
 5.15723228	-0.00074074	-0.00074074		
 5.16231346	-0.00037037	-0.00074074		
 5.16739464	-0.00037037	-0.00074074		
 5.17247534	-0.00037037	-0.00074074		
 5.17755651	-0.00037037	-0.00074074		
 5.18263769	-0.00037037	-0.00037037		
 5.18771839	 0.00000000	-0.00074074		
 5.19279957	 0.00000000	-0.00074074		
 5.19788074	 0.00000000	-0.00074074		
 5.20296144	 0.00000000	-0.00074074		
 5.20804262	 0.00000000	-0.00111111		
 5.21312380	 0.00000000	-0.00111111		
 5.21820450	 0.00000000	-0.00148148		
 5.22328568	 0.00000000	-0.00148148		
 5.22836685	 0.00000000	-0.00185185		
 5.23344755	 0.00000000	-0.00222222		
 5.23852873	 0.00000000	-0.00222222		
 5.24360991	 0.00000000	-0.00259259		
 5.24869061	 0.00000000	-0.00259259		
 5.25377178	 0.00000000	-0.00259259		
 5.25885296	 0.00000000	-0.00296296		
 5.26393366	-0.00037037	-0.00296296		
 5.26901484	 0.00000000	-0.00333333		
 5.27409601	 0.00000000	-0.00333333		
 5.27917671	 0.00000000	-0.00333333		
 5.28425789	 0.00000000	-0.00333333		
 5.28933907	 0.00000000	-0.00333333		
 5.29441977	 0.00037037	-0.00333333		
 5.29950094	 0.00037037	-0.00333333		
 5.30458212	 0.00037037	-0.00333333		
 5.30966282	 0.00037037	-0.00333333		
 5.31474400	 0.00037037	-0.00333333		
 5.31982517	 0.00037037	-0.00333333		
 5.32490587	 0.00074074	-0.00296296		
 5.32998705	 0.00074074	-0.00296296		
 5.33506823	 0.00074074	-0.00296296		
 5.34014893	 0.00111111	-0.00259259		
 5.34523010	 0.00111111	-0.00259259		
 5.35031128	 0.00111111	-0.00259259		
 5.35539198	 0.00148148	-0.00222222		
 5.36047316	 0.00148148	-0.00222222		
 5.36555433	 0.00148148	-0.00185185		
 5.37063503	 0.00148148	-0.00185185		
 5.37571621	 0.00185185	-0.00148148		
 5.38079739	 0.00185185	-0.00148148		
 5.38587809	 0.00148148	-0.00111111		
 5.39095926	 0.00185185	-0.00074074		
 5.39604044	 0.00148148	-0.00074074		
 5.40112114	 0.00148148	-0.00074074		
 5.40620232	 0.00148148	-0.00037037		
 5.41128349	 0.00148148	-0.00000000		
 5.41636419	 0.00148148	 0.00037037		
 5.42144537	 0.00148148	 0.00037037		
 5.42652655	 0.00148148	 0.00074074		
 5.43160725	 0.00148148	 0.00111111		
 5.43668842	 0.00148148	 0.00148148		
 5.44176960	 0.00148148	 0.00148148		
 5.44685030	 0.00111111	 0.00185185		
 5.45193148	 0.00111111	 0.00185185		
 5.45701265	 0.00111111	 0.00222222		
 5.46209335	 0.00111111	 0.00259259		
 5.46717453	 0.00111111	 0.00259259		
 5.47225571	 0.00111111	 0.00296296		
 5.47733641	 0.00111111	 0.00296296		
 5.48241758	 0.00111111	 0.00333333		
 5.48749876	 0.00111111	 0.00333333		
 5.49257946	 0.00111111	 0.00333333		
 5.49766064	 0.00111111	 0.00333333		
 5.50274181	 0.00111111	 0.00333333		
 5.50782251	 0.00074074	 0.00333333		
 5.51290369	 0.00074074	 0.00296296		
 5.51798487	 0.00074074	 0.00296296		
 5.52306557	 0.00074074	 0.00296296		
 5.52814674	 0.00037037	 0.00259259		
 5.53322792	 0.00037037	 0.00222222		
 5.53830862	 0.00037037	 0.00222222		
 5.54338980	 0.00037037	 0.00222222		
 5.54847097	 0.00000000	 0.00185185		
 5.55355167	 0.00000000	 0.00185185		
 5.55863285	 0.00000000	 0.00185185		
 5.56371403	-0.00037037	 0.00185185		
 5.56879473	-0.00037037	 0.00148148		
 5.57387590	-0.00037037	 0.00185185		
 5.57895708	-0.00037037	 0.00185185		
 5.58403778	-0.00037037	 0.00185185		
 5.58911896	-0.00037037	 0.00222222		
 5.59420013	-0.00074074	 0.00222222		
 5.59928083	-0.00074074	 0.00222222		
 5.60436201	-0.00074074	 0.00259259		
 5.60944319	-0.00074074	 0.00259259		
 5.61452389	-0.00111111	 0.00259259		
 5.61960506	-0.00111111	 0.00259259		
 5.62468624	-0.00111111	 0.00259259		
 5.62976694	-0.00111111	 0.00296296		
 5.63484812	-0.00111111	 0.00296296		
 5.63992929	-0.00111111	 0.00296296		
 5.64500999	-0.00111111	 0.00296296		
 5.65009117	-0.00111111	 0.00296296		
 5.65517235	-0.00111111	 0.00296296		
 5.66025305	-0.00111111	 0.00333333		
 5.66533422	-0.00111111	 0.00296296		
 5.67041540	-0.00111111	 0.00333333		
 5.67549610	-0.00111111	 0.00333333		
 5.68057728	-0.00111111	 0.00333333		
 5.68565845	-0.00111111	 0.00333333		
 5.69073915	-0.00111111	 0.00333333		
 5.69582033	-0.00111111	 0.00333333		
 5.70090151	-0.00111111	 0.00333333		
 5.70598221	-0.00111111	 0.00333333		
 5.71106339	-0.00111111	 0.00333333		
 5.71614456	-0.00111111	 0.00333333		
 5.72122526	-0.00111111	 0.00333333		
 5.72630644	-0.00111111	 0.00333333		
 5.73138762	-0.00111111	 0.00333333		
 5.73646832	-0.00111111	 0.00333333		
 5.74154949	-0.00111111	 0.00333333		
 5.74663067	-0.00111111	 0.00333333		
 5.75171137	-0.00111111	 0.00333333		
 5.75679255	-0.00111111	 0.00333333		
 5.76187372	-0.00111111	 0.00333333		
 5.76695442	-0.00111111	 0.00333333		
 5.77203560	-0.00111111	 0.00333333		
 5.77711678	-0.00111111	 0.00333333		
 5.78219748	-0.00111111	 0.00333333		
 5.78727865	-0.00111111	 0.00296296		
 5.79235983	-0.00111111	 0.00296296		
 5.79744053	-0.00111111	 0.00296296		
 5.80252171	-0.00074074	 0.00296296		
 5.80760288	-0.00074074	 0.00296296		
 5.81268358	-0.00037037	 0.00296296		
 5.81776476	-0.00037037	 0.00259259		
 5.82284594	-0.00037037	 0.00259259		
 5.82792664	-0.00037037	 0.00222222		
 5.83300781	-0.00037037	 0.00222222		
 5.83808899	-0.00037037	 0.00222222		
 5.84316969	-0.00037037	 0.00185185		
 5.84825087	 0.00000000	 0.00185185		
 5.85333204	 0.00000000	 0.00148148		
 5.85841274	 0.00000000	 0.00148148		
 5.86349392	 0.00000000	 0.00148148		
 5.86857510	 0.00000000	 0.00111111		
 5.87365580	 0.00000000	 0.00074074		
 5.87873697	 0.00000000	 0.00074074		
 5.88381815	 0.00000000	 0.00074074		
 5.88889885	 0.00000000	 0.00074074		
 5.89398003	 0.00000000	 0.00074074		
 5.89906120	 0.00000000	 0.00074074		
 5.90414190	 0.00000000	 0.00074074		
 5.90922308	-0.00037037	 0.00074074		
 5.91430426	-0.00037037	 0.00111111		
 5.91938496	-0.00037037	 0.00111111		
 5.92446613	-0.00037037	 0.00111111		
 5.92954731	-0.00037037	 0.00148148		
 5.93462801	-0.00037037	 0.00148148		
 5.93970919	-0.00037037	 0.00148148		
 5.94479036	-0.00037037	 0.00185185		
 5.94987106	-0.00037037	 0.00185185		
 5.95495224	-0.00037037	 0.00222222		
 5.96003342	-0.00037037	 0.00222222		
 5.96511412	-0.00037037	 0.00222222		
 5.97019529	-0.00037037	 0.00185185		
 5.97527647	-0.00037037	 0.00222222		
 5.98035717	-0.00037037	 0.00222222		
 5.98543835	-0.00037037	 0.00222222		
 5.99051952	-0.00037037	 0.00222222		
 5.99560022	-0.00037037	 0.00222222		
 6.00068140	-0.00037037	 0.00222222		
 6.00576258	-0.00037037	 0.00185185		
 6.01084328	 0.00000000	 0.00185185		
 6.01592445	 0.00000000	 0.00185185		
 6.02100563	 0.00000000	 0.00148148		
 6.02608633	 0.00000000	 0.00148148		
 6.03116751	 0.00000000	 0.00148148		
 6.03624868	 0.00000000	 0.00148148		
 6.04132938	 0.00000000	 0.00148148		
 6.04641056	 0.00000000	 0.00111111		
 6.05149174	 0.00000000	 0.00111111		
 6.05657244	 0.00000000	 0.00111111		
 6.06165361	 0.00000000	 0.00111111		
 6.06673479	-0.00037037	 0.00074074		
 6.07181549	 0.00000000	 0.00074074		
 6.07689667	 0.00000000	 0.00074074		
 6.08197784	 0.00000000	 0.00074074		
 6.08705854	-0.00037037	 0.00074074		
 6.09213972	-0.00037037	 0.00037037		
 6.09722090	-0.00037037	 0.00037037		
 6.10230160	 0.00000000	 0.00037037		
 6.10738277	 0.00000000	 0.00037037		
 6.11246395	 0.00000000	 0.00037037		
 6.11754465	 0.00000000	 0.00037037		
 6.12262583	 0.00000000	 0.00037037		
 6.12770700	 0.00000000	 0.00037037		
 6.13278770	 0.00000000	 0.00037037		
 6.13786888	 0.00000000	-0.00000000		
 6.14295006	 0.00037037	-0.00000000		
 6.14803076	 0.00037037	-0.00000000		
 6.15311193	 0.00037037	 0.00037037		
 6.15819311	 0.00037037	-0.00000000		
 6.16327381	 0.00037037	 0.00037037		
 6.16835499	 0.00037037	 0.00037037		
 6.17343616	 0.00037037	 0.00037037		
 6.17851686	 0.00037037	 0.00037037		
 6.18359804	 0.00037037	 0.00037037		
 6.18867922	 0.00037037	 0.00037037		
 6.19375992	 0.00037037	 0.00074074		
 6.19884109	 0.00037037	 0.00074074		
 6.20392227	 0.00074074	 0.00074074		
 6.20900297	 0.00037037	 0.00074074		
 6.21408415	 0.00037037	 0.00074074		
 6.21916533	 0.00037037	 0.00111111		
 6.22424603	 0.00037037	 0.00111111		
 6.22932720	 0.00037037	 0.00111111		
 6.23440838	 0.00037037	 0.00148148		
 6.23948908	 0.00037037	 0.00148148		
 6.24457026	 0.00037037	 0.00185185		
 6.24965143	 0.00000000	 0.00185185		
 6.25473213	 0.00000000	 0.00185185		
 6.25981331	 0.00000000	 0.00185185		
 6.26489449	 0.00000000	 0.00222222		
 6.26997519	 0.00000000	 0.00222222		
 6.27505636	 0.00000000	 0.00222222		
 6.28013754	 0.00000000	 0.00222222		
 6.28521824	 0.00000000	 0.00259259		
 6.29029942	 0.00000000	 0.00259259		
 6.29538059	 0.00000000	 0.00259259		
 6.30046129	 0.00000000	 0.00259259		
 6.30554247	 0.00037037	 0.00259259		
 6.31062365	 0.00037037	 0.00259259		
 6.31570435	 0.00037037	 0.00259259		
 6.32078552	 0.00037037	 0.00259259		
 6.32586670	 0.00037037	 0.00259259		
 6.33094740	 0.00037037	 0.00296296		
 6.33602858	 0.00074074	 0.00259259		
 6.34110975	 0.00074074	 0.00259259		
 6.37159586	 0.00074074	 0.00296296		
 6.38175774	 0.00037037	 0.00259259		
 6.38683891	 0.00037037	 0.00259259		
 6.39191961	 0.00037037	 0.00222222		
 6.43764877	-0.00037037	 0.00296296		
 6.44272995	-0.00074074	 0.00333333		
 6.44781113	-0.00074074	 0.00333333		
 6.45289183	-0.00074074	 0.00333333		
 6.45797300	-0.00111111	 0.00370370		
 6.46305418	-0.00111111	 0.00407407		
 6.46813488	-0.00111111	 0.00407407		
 6.47321606	-0.00111111	 0.00407407		
 6.47829723	-0.00111111	 0.00407407		
 6.48845911	-0.00111111	 0.00444444		
 6.49862099	-0.00111111	 0.00481481		
 6.50878334	-0.00111111	 0.00481481		
 6.51386404	-0.00111111	 0.00481481		
 6.51894522	-0.00148148	 0.00481481		
 6.52402639	-0.00148148	 0.00518519		
 6.52910709	-0.00148148	 0.00518519		
 6.53418827	-0.00148148	 0.00518519		
 6.53926945	-0.00148148	 0.00518519		
 6.54435015	-0.00148148	 0.00518519		
 6.54943132	-0.00185185	 0.00518519		
 6.55451250	-0.00185185	 0.00518519		
 6.55959320	-0.00185185	 0.00518519		
 6.56467438	-0.00185185	 0.00518519		
 6.56975508	-0.00185185	 0.00481481		
 6.57483625	-0.00185185	 0.00481481		
 6.57991743	-0.00185185	 0.00481481		
 6.58499813	-0.00222222	 0.00444444		
 6.59007931	-0.00185185	 0.00444444		
 6.59516048	-0.00222222	 0.00444444		
 6.60024118	-0.00222222	 0.00444444		
 6.60532236	-0.00222222	 0.00444444		
 6.61040354	-0.00222222	 0.00444444		
 6.61548424	-0.00259259	 0.00444444		
 6.62056541	-0.00259259	 0.00444444		
 6.62564659	-0.00259259	 0.00444444		
 6.63072729	-0.00259259	 0.00407407		
 6.63580847	-0.00259259	 0.00407407		
 6.64597034	-0.00296296	 0.00407407		
 6.65613270	-0.00333333	 0.00407407		
 6.66121340	-0.00333333	 0.00407407		
 6.66629457	-0.00333333	 0.00407407		
 6.71710491	-0.00518519	 0.00814815		
 6.72218561	-0.00518519	 0.00888889		
 6.72726679	-0.00555556	 0.00925926		
 6.73234797	-0.00555556	 0.00962963		
 6.73742867	-0.00592593	 0.01037037		
 6.74250984	-0.00592593	 0.01074074		
 6.74759102	-0.00629630	 0.01148148		
 6.76283407	-0.00703704	 0.01296296		
 6.77807713	-0.00777778	 0.01518519		
 6.78315783	-0.00814815	 0.01592593		
 6.78823900	-0.00851852	 0.01666667		
 6.79332018	-0.00888889	 0.01740741		
 6.80348206	-0.00962963	 0.02000000		
 6.81872511	-0.01074074	 0.02296296		
 7.18963957	 0.01370370	 0.02555555		
 7.31158400	 0.00481481	 0.00703704		
 7.31666470	 0.00407407	 0.00481481		
 7.32174587	 0.00333333	 0.00296296		
 7.35731316	 0.00000000	 0.00518519		
 7.36239386	-0.00074074	 0.00666667		
 7.36747503	-0.00111111	 0.00740741		
 7.37255621	-0.00111111	 0.00814815		
 7.37763691	-0.00111111	 0.00814815		
 7.42844725	-0.00111111	 0.00740741		
 7.44369030	 0.00037037	 0.00851852		
 7.48941946	 0.00185185	 0.00814815		
 7.49450064	 0.00185185	 0.00814815		
 7.49958134	 0.00185185	 0.00777778		
 7.50466251	 0.00148148	 0.00740741		
 7.51482439	 0.00185185	 0.00666667		
 7.51990557	 0.00185185	 0.00666667		
 7.52498674	 0.00222222	 0.00666667		
 7.53006744	 0.00222222	 0.00703704		
 7.53514862	 0.00259259	 0.00703704		
 7.54022980	 0.00259259	 0.00703704		
 7.54531050	 0.00259259	 0.00703704		
 7.55039167	 0.00222222	 0.00666667		
 7.55547285	 0.00185185	 0.00666667		
 7.56055355	 0.00185185	 0.00592593		
 7.56563473	 0.00148148	 0.00555556		
 7.57071590	 0.00148148	 0.00518519		
 7.59103966	 0.00037037	 0.00370370		
 7.59612083	 0.00000000	 0.00444444		
 7.60120201	-0.00037037	 0.00518519		
 7.60628271	-0.00074074	 0.00592593		
 7.61136389	-0.00074074	 0.00740741		
 7.61644506	-0.00074074	 0.00888889		
 7.62152576	-0.00074074	 0.01000000		
 7.62660694	-0.00037037	 0.01185185		
 7.63168812	-0.00037037	 0.01333333		
 7.70282221	 0.00074074	 0.01074074		
 7.71298409	 0.00037037	 0.00740741		
 7.71806526	 0.00037037	 0.00629630		
 7.72314644	-0.00037037	 0.00555556		
 7.74855137	-0.00222222	 0.00555556		
 7.75363255	-0.00296296	 0.00592593		
 7.75871325	-0.00333333	 0.00666667		
 7.77395630	-0.00407407	 0.00925926		
 7.77903748	-0.00444444	 0.01037037		
 7.78411865	-0.00444444	 0.01148148		
 7.78919935	-0.00481481	 0.01259259		
 7.79428053	-0.00518519	 0.01296296		
 7.79936171	-0.00555556	 0.01333333		
 7.82984781	-0.00629630	 0.01407407		
 7.83492851	-0.00629630	 0.01407407		
 7.84000969	-0.00629630	 0.01407407		
 7.84509087	-0.00629630	 0.01481481		
 7.86033392	-0.00629630	 0.01555556		
 7.86541462	-0.00629630	 0.01555556		
 7.87049580	-0.00666667	 0.01555556		
 7.87557697	-0.00666667	 0.01555556		
 7.88065767	-0.00703704	 0.01555556		
 7.88573885	-0.00703704	 0.01518519		
 7.89082003	-0.00703704	 0.01555556		
 7.89590073	-0.00740741	 0.01555556		
 7.90606308	-0.00777778	 0.01629630		
 7.91622496	-0.00851852	 0.01740741		
 7.92130613	-0.00851852	 0.01814815		
 7.92638683	-0.00888889	 0.01851852		
 7.93146801	-0.00925926	 0.01888889		
 7.93654919	-0.01000000	 0.01925926		
 7.94162989	-0.01037037	 0.01925926		
 7.94671106	-0.01074074	 0.01925926		
 7.95179224	-0.01148148	 0.01962963		
 7.95687294	-0.01185185	 0.02000000		
 7.96195412	-0.01222222	 0.02037037		
 7.96703529	-0.01222222	 0.02148148		
 7.97719717	-0.01259259	 0.02407407		
 7.98227835	-0.01296296	 0.02481481		
 7.98735905	-0.01333333	 0.02481481		
 8.28205776	 0.00925926	 0.02925926		
 8.28713894	 0.00888889	 0.02740741		
 8.29222012	 0.00851852	 0.02629630		
 8.29730129	 0.00851852	 0.02555555		
 8.30746365	 0.00777778	 0.02629630		
 8.31254387	 0.00703704	 0.02740741		
 8.31762505	 0.00629630	 0.02851852		
 8.32270622	 0.00592593	 0.02925926		
 8.32778740	 0.00555556	 0.02925926		
 8.34302998	 0.00592593	 0.02925926		
 8.35319233	 0.00481481	 0.02814815		
 8.42940807	 0.00370370	 0.01481481		
 8.43448830	 0.00333333	 0.01407407		
 8.44973183	 0.00296296	 0.01185185		
 8.45481300	 0.00296296	 0.01111111		
 8.45989418	 0.00222222	 0.01000000		
 8.46497440	 0.00185185	 0.00925926		
 8.47005558	 0.00111111	 0.00814815		
 8.47513676	 0.00037037	 0.00777778		
 8.48021793	-0.00037037	 0.00740741		
 8.48529911	-0.00111111	 0.00740741		
 8.49038029	-0.00185185	 0.00703704		
 8.49546051	-0.00222222	 0.00740741		
 8.50054169	-0.00296296	 0.00777778		
 8.50562286	-0.00333333	 0.00851852		
 8.52086639	-0.00333333	 0.01148148		
 8.52594662	-0.00333333	 0.01259259		
 8.53102779	-0.00296296	 0.01333333		
 8.53610897	-0.00259259	 0.01407407		
 8.59200001	 0.00111111	 0.01185185		
 8.59708118	 0.00148148	 0.01148148		
 8.60216236	 0.00185185	 0.01111111		
 8.60724354	 0.00185185	 0.01111111		
 8.61232471	 0.00222222	 0.01074074		
 8.61740494	 0.00222222	 0.01074074		
 8.62248611	 0.00259259	 0.01074074		
 8.62756729	 0.00259259	 0.01074074		
 8.63264847	 0.00259259	 0.01074074		
 8.63772964	 0.00259259	 0.01074074		
 8.64281082	 0.00259259	 0.01111111		
 8.64789104	 0.00259259	 0.01111111		
 8.65297222	 0.00222222	 0.01185185		
 8.65805340	 0.00222222	 0.01222222		
 8.66313457	 0.00148148	 0.01222222		
 8.66821575	 0.00185185	 0.01222222		
 8.68345833	 0.00111111	 0.01222222		
 8.68853951	 0.00111111	 0.01185185		
 8.69362068	 0.00111111	 0.01185185		
 8.69870186	 0.00111111	 0.01148148		
 8.70378304	 0.00111111	 0.01148148		
 8.70886326	 0.00111111	 0.01111111		
 8.71394444	 0.00111111	 0.01148148		
 8.71902561	 0.00111111	 0.01185185		
 8.72410679	 0.00111111	 0.01222222		
 8.72918797	 0.00111111	 0.01296296		
 8.73426914	 0.00111111	 0.01370370		
 8.73934937	 0.00111111	 0.01444444		
 8.74443054	 0.00111111	 0.01555556		
 8.75459290	 0.00111111	 0.01592593		
 8.75967407	 0.00111111	 0.01592593		
 8.76475430	 0.00111111	 0.01629630		
 8.76983547	 0.00111111	 0.01592593		
 8.77491665	 0.00148148	 0.01555556		
 8.77999783	 0.00148148	 0.01555556		
 8.81556511	 0.00222222	 0.01296296		
 8.82064629	 0.00222222	 0.01259259		
 8.82572651	 0.00185185	 0.01185185		
 8.83080769	 0.00185185	 0.01111111		
 8.83588886	 0.00148148	 0.01074074		
 8.84097004	 0.00148148	 0.01000000		
 8.84605122	 0.00111111	 0.00925926		
 8.85113239	 0.00111111	 0.00851852		
 8.85621262	 0.00074074	 0.00777778		
 8.86129379	 0.00037037	 0.00703704		
 8.86637497	 0.00037037	 0.00666667		
 8.87145615	 0.00000000	 0.00592593		
 8.87653732	-0.00037037	 0.00555556		
 8.88161850	-0.00037037	 0.00555556		
 8.89686108	-0.00111111	 0.00555556		
 8.90194225	-0.00111111	 0.00555556		
 8.90702343	-0.00111111	 0.00555556		
 8.91210461	-0.00111111	 0.00592593		
 8.91718483	-0.00111111	 0.00666667		
 8.92226601	-0.00111111	 0.00666667		
 8.92734718	-0.00111111	 0.00703704		
 8.93242836	-0.00111111	 0.00703704		
 8.95275211	-0.00111111	 0.00666667		
 8.95783329	-0.00111111	 0.00629630		
 8.96291447	-0.00074074	 0.00592593		
 8.96799564	-0.00074074	 0.00555556		
 8.97307682	-0.00037037	 0.00518519		
 8.97815704	-0.00037037	 0.00518519		
 8.98323822	-0.00037037	 0.00481481		
 8.98831940	-0.00037037	 0.00481481		
 8.99340057	-0.00037037	 0.00407407		
 8.99848175	 0.00000000	 0.00370370		
 9.00356293	 0.00000000	 0.00333333		
 9.00864315	 0.00000000	 0.00259259		
 9.01372433	 0.00000000	 0.00185185		
 9.01880550	 0.00000000	 0.00148148		
 9.02388668	 0.00000000	 0.00111111		
 9.02896786	 0.00000000	 0.00074074		
 9.03404903	-0.00037037	 0.00037037		
 9.03912926	 0.00000000	-0.00000000		
 9.04421043	 0.00000000	-0.00000000		
 9.04929161	 0.00000000	-0.00000000		
 9.05437279	-0.00037037	-0.00000000		
 9.05945396	-0.00037037	-0.00000000		
 9.06453514	-0.00037037	 0.00037037		
 9.06961536	-0.00037037	 0.00037037		
 9.07469654	-0.00037037	 0.00074074		
 9.07977772	-0.00037037	 0.00074074		
 9.08485889	-0.00037037	 0.00111111		
 9.08994007	-0.00037037	 0.00148148		
 9.09502125	-0.00037037	 0.00148148		
 9.10010147	-0.00074074	 0.00148148		
 9.10518265	-0.00074074	 0.00185185		
 9.11026382	-0.00074074	 0.00222222		
 9.11534500	-0.00111111	 0.00259259		
 9.12042618	-0.00111111	 0.00296296		
 9.12550735	-0.00111111	 0.00370370		
 9.13058758	-0.00111111	 0.00444444		
 9.13566875	-0.00111111	 0.00518519		
 9.14074993	-0.00111111	 0.00555556		
 9.14583111	-0.00148148	 0.00629630		
 9.15091228	-0.00148148	 0.00703704		
 9.18139839	-0.00111111	 0.01111111		
 9.18647957	-0.00111111	 0.01148148		
 9.19155979	-0.00111111	 0.01148148		
 9.19664097	-0.00111111	 0.01148148		
 9.20172215	-0.00111111	 0.01111111		
 9.20680332	-0.00111111	 0.01111111		
 9.21188450	-0.00111111	 0.01074074		
 9.21696568	-0.00111111	 0.01037037		
 9.22204590	-0.00111111	 0.00962963		
 9.22712708	-0.00111111	 0.00962963		
 9.23220825	-0.00111111	 0.00925926		
 9.23728943	-0.00111111	 0.00962963		
 9.24237061	-0.00111111	 0.00925926		
 9.24745178	-0.00111111	 0.00925926		
 9.25253201	-0.00111111	 0.00925926		
 9.25761318	-0.00148148	 0.00925926		
 9.26269436	-0.00148148	 0.00962963		
 9.27285671	-0.00222222	 0.00925926		
 9.28301811	-0.00259259	 0.00962963		
 9.28809929	-0.00259259	 0.01000000		
 9.29318047	-0.00296296	 0.01037037		
 9.30334282	-0.00333333	 0.01148148		
 9.30842400	-0.00333333	 0.01222222		
 9.31350422	-0.00370370	 0.01333333		
 9.31858540	-0.00370370	 0.01407407		
 9.38463879	-0.00222222	 0.01925926		
 9.38971996	-0.00185185	 0.01814815		
 9.39480114	-0.00185185	 0.01703704		
 9.39988232	-0.00185185	 0.01592593		
 9.42020607	-0.00185185	 0.01222222		
 9.42528725	-0.00148148	 0.01148148		
 9.43036842	-0.00148148	 0.01111111		
 9.43544865	-0.00148148	 0.01074074		
 9.44052982	-0.00148148	 0.01037037		
 9.44561100	-0.00148148	 0.01037037		
 9.45069218	-0.00148148	 0.01037037		
 9.45577335	-0.00148148	 0.01037037		
 9.46085453	-0.00148148	 0.01074074		
 9.46593475	-0.00148148	 0.01074074		
 9.47101593	-0.00148148	 0.01074074		
 9.47609711	-0.00148148	 0.01111111		
 9.48117828	-0.00148148	 0.01148148		
 9.48625946	-0.00148148	 0.01148148		
 9.49134064	-0.00148148	 0.01148148		
 9.49642086	-0.00148148	 0.01185185		
 9.50150204	-0.00148148	 0.01185185		
 9.51166439	-0.00111111	 0.01222222		
 9.51674557	-0.00111111	 0.01222222		
 9.52182674	-0.00111111	 0.01222222		
 9.52690697	-0.00074074	 0.01259259		
 9.53198814	-0.00037037	 0.01296296		
 9.53706932	 0.00000000	 0.01333333		
 9.54215050	 0.00000000	 0.01333333		
 9.54723167	 0.00037037	 0.01333333		
 9.56247425	 0.00111111	 0.01296296		
 9.56755543	 0.00148148	 0.01259259		
 9.57263660	 0.00148148	 0.01222222		
 9.58279896	 0.00185185	 0.01185185		
 9.58787918	 0.00185185	 0.01148148		
 9.59296036	 0.00185185	 0.01111111		
 9.59804153	 0.00185185	 0.01074074		
 9.60312271	 0.00185185	 0.01037037		
 9.60820389	 0.00185185	 0.01000000		
 9.61328506	 0.00185185	 0.00962963		
 9.61836529	 0.00148148	 0.00962963		
 9.62344646	 0.00148148	 0.00925926		
 9.62852764	 0.00111111	 0.00925926		
 9.63360882	 0.00111111	 0.00925926		
 9.63868999	 0.00074074	 0.00925926		
 9.64377117	 0.00037037	 0.00962963		
 9.64885139	 0.00037037	 0.01000000		
 9.65393257	 0.00037037	 0.01037037		
 9.65901375	 0.00000000	 0.01111111		
 9.66409492	 0.00000000	 0.01148148		
 9.66917610	-0.00037037	 0.01222222		
 9.67425728	-0.00037037	 0.01259259		
 9.67933750	-0.00074074	 0.01296296		
 9.68441868	-0.00074074	 0.01333333		
 9.68949986	-0.00111111	 0.01407407		
 9.69458103	-0.00111111	 0.01444444		
 9.69966221	-0.00111111	 0.01481481		
 9.70474339	-0.00148148	 0.01555556		
 9.77587700	-0.00185185	 0.01851852		
 9.78095818	-0.00185185	 0.01777778		
 9.78603935	-0.00185185	 0.01703704		
 9.79112053	-0.00185185	 0.01555556		
 9.79620171	-0.00185185	 0.01518519		
 9.80128193	-0.00185185	 0.01407407		
 9.81144428	-0.00222222	 0.01259259		
 9.81652546	-0.00222222	 0.01222222		
 9.82160664	-0.00222222	 0.01185185		
 9.89782143	-0.00185185	 0.01740741		
 9.90290260	-0.00185185	 0.01814815		
 9.93338871	-0.00111111	 0.01629630		
 9.94355106	-0.00037037	 0.01555556		
 9.94863224	-0.00037037	 0.01555556		
 9.95371246	 0.00000000	 0.01555556		
 9.95879364	 0.00000000	 0.01518519		
 9.96387482	 0.00000000	 0.01444444		
 9.96895599	 0.00037037	 0.01370370		
 9.97403717	 0.00037037	 0.01333333		
 9.97911835	 0.00037037	 0.01259259		
 9.98419857	 0.00037037	 0.01222222		
 9.98927975	 0.00037037	 0.01185185